normal_vector: 0.270991 -0.952237 -0.140740
P1: 3.740554 0.076923 2.800442
P2: 3.528724 0.076923 2.392568
P3: 3.793326 0.169811 2.273576
normal_vector: 0.054396 -0.998047 -0.030712
P1: 3.361628 0.019455 2.746944
P2: 3.482381 0.019455 2.960819
P3: 3.218109 0.000000 3.124985
normal_vector: 0.052145 -0.998049 -0.034336
P1: 3.218109 0.000000 3.124985
P2: 3.482381 0.019455 2.960819
P3: 3.360743 0.000000 3.341598
normal_vector: -0.435172 -0.853392 0.286963
P1: 2.219315 0.294117 3.745435
P2: 2.406034 0.294117 4.028590
P3: 2.205579 0.444840 4.172834
normal_vector: -0.391787 -0.853446 0.343705
P1: 2.636306 0.408404 4.609597
P2: 2.608204 0.294117 4.293782
P3: 2.812650 0.294117 4.526829
normal_vector: -0.167565 -0.982558 0.080633
P1: 2.812272 0.019455 3.038962
P2: 2.543933 0.076923 3.181602
P3: 2.634179 0.039901 2.918008
normal_vector: -0.161740 -0.982573 0.091596
P1: 2.543933 0.076923 3.181602
P2: 2.812272 0.019455 3.038962
P3: 2.695663 0.076923 3.449528
normal_vector: -0.161831 -0.982561 0.091568
P1: 2.695663 0.076923 3.449528
P2: 2.812272 0.019455 3.038962
P3: 2.953836 0.019455 3.289151
normal_vector: -0.155185 -0.982577 0.102272
P1: 2.695663 0.076923 3.449528
P2: 2.953836 0.019455 3.289151
P3: 2.861356 0.076923 3.700948
normal_vector: -0.155228 -0.982572 0.102261
P1: 2.861356 0.076923 3.700948
P2: 2.953836 0.019455 3.289151
P3: 3.108135 0.019455 3.523370
normal_vector: -0.147799 -0.982588 0.112590
P1: 2.861356 0.076923 3.700948
P2: 3.108135 0.019455 3.523370
P3: 3.040366 0.076923 3.935938
normal_vector: -0.147860 -0.982580 0.112579
P1: 3.040366 0.076923 3.935938
P2: 3.108135 0.019455 3.523370
P3: 3.274591 0.019455 3.741992
normal_vector: -0.139742 -0.982595 0.122388
P1: 3.040366 0.076923 3.935938
P2: 3.274591 0.019455 3.741992
P3: 3.231782 0.076923 4.154495
normal_vector: -0.139876 -0.982578 0.122372
P1: 3.231782 0.076923 4.154495
P2: 3.274591 0.019455 3.741992
P3: 3.452497 0.019455 3.945345
normal_vector: -0.131318 -0.982592 0.131407
P1: 3.231782 0.076923 4.154495
P2: 3.452497 0.019455 3.945345
P3: 3.447674 0.034727 4.054718
normal_vector: -0.265406 -0.952332 0.150410
P1: 2.287793 0.169811 3.317758
P2: 2.543933 0.076923 3.181602
P3: 2.449226 0.169811 3.602614
normal_vector: -0.265534 -0.952302 0.150375
P1: 2.449226 0.169811 3.602614
P2: 2.543933 0.076923 3.181602
P3: 2.695663 0.076923 3.449528
normal_vector: -0.254669 -0.952343 0.167890
P1: 2.449226 0.169811 3.602614
P2: 2.695663 0.076923 3.449528
P3: 2.625797 0.169811 3.870452
normal_vector: -0.254732 -0.952328 0.167876
P1: 2.625797 0.169811 3.870452
P2: 2.695663 0.076923 3.449528
P3: 2.861356 0.076923 3.700948
normal_vector: -0.242543 -0.952370 0.184838
P1: 2.625797 0.169811 3.870452
P2: 2.861356 0.076923 3.700948
P3: 2.816788 0.169811 4.121068
normal_vector: -0.242624 -0.952351 0.184826
P1: 2.816788 0.169811 4.121068
P2: 2.861356 0.076923 3.700948
P3: 3.040366 0.076923 3.935938
normal_vector: -0.229265 -0.952389 0.200978
P1: 2.816788 0.169811 4.121068
P2: 3.040366 0.076923 3.935938
P3: 3.021102 0.169811 4.354138
normal_vector: -0.229455 -0.952347 0.200960
P1: 3.021102 0.169811 4.354138
P2: 3.040366 0.076923 3.935938
P3: 3.231782 0.076923 4.154495
normal_vector: -0.215422 -0.952381 0.215785
P1: 3.021102 0.169811 4.354138
P2: 3.231782 0.076923 4.154495
P3: 3.232928 0.096861 4.243638
normal_vector: -0.215631 -0.952336 0.215777
P1: 3.232928 0.096861 4.243638
P2: 3.231782 0.076923 4.154495
P3: 3.283066 0.076923 4.205744
normal_vector: 0.056274 -0.998049 -0.027030
P1: 3.086950 0.000000 2.892953
P2: 2.967769 0.000000 2.644831
P3: 3.251521 0.019455 2.517227
normal_vector: 0.057960 -0.998047 -0.023282
P1: 3.251521 0.019455 2.517227
P2: 2.967769 0.000000 2.644831
P3: 2.977596 0.001035 2.624927
normal_vector: 0.172384 -0.982593 -0.069247
P1: 3.370972 0.056429 2.289948
P2: 3.251521 0.019455 2.517227
P3: 3.213906 0.019455 2.423588
normal_vector: 0.049670 -0.998050 -0.037795
P1: 3.514349 0.000000 3.543464
P2: 3.360743 0.000000 3.341598
P3: 3.613350 0.019455 3.159826
normal_vector: 0.052164 -0.998048 -0.034330
P1: 3.613350 0.019455 3.159826
P2: 3.360743 0.000000 3.341598
P3: 3.482381 0.019455 2.960819
normal_vector: 0.155248 -0.982578 -0.102171
P1: 3.613350 0.019455 3.159826
P2: 3.482381 0.019455 2.960819
P3: 3.740554 0.076923 2.800442
normal_vector: 0.161922 -0.982560 -0.091421
P1: 3.740554 0.076923 2.800442
P2: 3.482381 0.019455 2.960819
P3: 3.361628 0.019455 2.746944
normal_vector: 0.160946 -0.983417 -0.083588
P1: 3.740554 0.076923 2.800442
P2: 3.361628 0.019455 2.746944
P3: 3.528724 0.076923 2.392568
normal_vector: 0.044562 -0.998143 -0.041537
P1: 3.678426 0.000000 3.731254
P2: 3.754107 0.019455 3.344936
P3: 3.910113 0.019455 3.512303
normal_vector: 0.054358 -0.998049 -0.030726
P1: 3.218109 0.000000 3.124985
P2: 3.086950 0.000000 2.892953
P3: 3.361628 0.019455 2.746944
normal_vector: 0.056337 -0.998047 -0.027003
P1: 3.361628 0.019455 2.746944
P2: 3.086950 0.000000 2.892953
P3: 3.251521 0.019455 2.517227
normal_vector: 0.167580 -0.982581 -0.080324
P1: 3.361628 0.019455 2.746944
P2: 3.251521 0.019455 2.517227
P3: 3.528724 0.076923 2.392568
normal_vector: 0.172614 -0.982561 -0.069121
P1: 3.528724 0.076923 2.392568
P2: 3.251521 0.019455 2.517227
P3: 3.370972 0.056429 2.289948
normal_vector: 0.283290 -0.952301 -0.113440
P1: 3.793326 0.169811 2.273576
P2: 3.528724 0.076923 2.392568
P3: 3.457985 0.076923 2.215913
normal_vector: 0.280240 -0.954534 -0.101637
P1: 3.698341 0.169811 2.011676
P2: 3.793326 0.169811 2.273576
P3: 3.497336 0.092612 2.182480
normal_vector: 0.392584 -0.908628 -0.142381
P1: 3.870772 0.267236 1.865382
P2: 3.793326 0.169811 2.273576
P3: 3.698341 0.169811 2.011676
normal_vector: 0.046990 -0.998051 -0.041057
P1: 3.678426 0.000000 3.731254
P2: 3.514349 0.000000 3.543464
P3: 3.754107 0.019455 3.344936
normal_vector: 0.049696 -0.998049 -0.037789
P1: 3.754107 0.019455 3.344936
P2: 3.514349 0.000000 3.543464
P3: 3.613350 0.019455 3.159826
normal_vector: 0.147934 -0.982579 -0.112489
P1: 3.754107 0.019455 3.344936
P2: 3.613350 0.019455 3.159826
P3: 3.988333 0.076923 3.150990
normal_vector: 0.148239 -0.983385 -0.104781
P1: 3.988333 0.076923 3.150990
P2: 3.613350 0.019455 3.159826
P3: 3.740554 0.076923 2.800442
normal_vector: 0.249405 -0.952218 -0.176288
P1: 3.988333 0.076923 3.150990
P2: 3.740554 0.076923 2.800442
P3: 3.986991 0.169811 2.647356
normal_vector: 0.271491 -0.952106 -0.140666
P1: 3.986991 0.169811 2.647356
P2: 3.740554 0.076923 2.800442
P3: 3.793326 0.169811 2.273576
normal_vector: 0.371030 -0.908505 -0.192240
P1: 3.986991 0.169811 2.647356
P2: 3.793326 0.169811 2.273576
P3: 4.040184 0.294117 2.162563
normal_vector: 0.393454 -0.908290 -0.142135
P1: 4.040184 0.294117 2.162563
P2: 3.793326 0.169811 2.273576
P3: 3.870772 0.267236 1.865382
normal_vector: 0.490311 -0.853359 -0.177125
P1: 4.128306 0.444840 1.680345
P2: 4.040184 0.294117 2.162563
P3: 3.918270 0.294117 1.825085
normal_vector: 0.508167 -0.853091 -0.118332
P1: 4.121852 0.444840 1.652628
P2: 4.128306 0.444840 1.680345
P3: 4.066931 0.405670 1.699163
normal_vector: 0.598738 -0.788717 -0.139422
P1: 4.137008 0.458612 1.639807
P2: 4.128306 0.444840 1.680345
P3: 4.121852 0.444840 1.652628
normal_vector: 0.599415 -0.788256 -0.139120
P1: 4.338974 0.616438 1.615752
P2: 4.128306 0.444840 1.680345
P3: 4.137008 0.458612 1.639807
normal_vector: 0.578563 -0.788635 -0.208132
P1: 4.128306 0.444840 1.680345
P2: 4.338974 0.616438 1.615752
P3: 4.265352 0.444840 2.061304
normal_vector: 0.491369 -0.852825 -0.176765
P1: 4.128306 0.444840 1.680345
P2: 4.265352 0.444840 2.061304
P3: 4.040184 0.294117 2.162563
normal_vector: 0.463406 -0.853176 -0.239469
P1: 4.040184 0.294117 2.162563
P2: 4.265352 0.444840 2.061304
P3: 4.216901 0.294117 2.504535
normal_vector: 0.371734 -0.908247 -0.192097
P1: 4.040184 0.294117 2.162563
P2: 4.216901 0.294117 2.504535
P3: 3.986991 0.169811 2.647356
normal_vector: 0.341413 -0.908466 -0.241096
P1: 3.986991 0.169811 2.647356
P2: 4.216901 0.294117 2.504535
P3: 4.211910 0.169811 2.965861
normal_vector: 0.249625 -0.952162 -0.176278
P1: 3.986991 0.169811 2.647356
P2: 4.211910 0.169811 2.965861
P3: 3.988333 0.076923 3.150990
normal_vector: 0.223471 -0.952276 -0.207921
P1: 3.988333 0.076923 3.150990
P2: 4.211910 0.169811 2.965861
P3: 4.213082 0.167957 2.975615
normal_vector: 0.464283 -0.852765 -0.239233
P1: 4.426612 0.444840 2.374263
P2: 4.216901 0.294117 2.504535
P3: 4.265352 0.444840 2.061304
normal_vector: 0.546838 -0.788399 -0.281772
P1: 4.426612 0.444840 2.374263
P2: 4.265352 0.444840 2.061304
P3: 4.466210 0.616438 1.970978
normal_vector: 0.579740 -0.787897 -0.207653
P1: 4.466210 0.616438 1.970978
P2: 4.265352 0.444840 2.061304
P3: 4.338974 0.616438 1.615752
normal_vector: 0.656526 -0.716712 -0.235156
P1: 4.466210 0.616438 1.970978
P2: 4.338974 0.616438 1.615752
P3: 4.522759 0.803279 1.559402
normal_vector: 0.679907 -0.716229 -0.157298
P1: 4.522759 0.803279 1.559402
P2: 4.338974 0.616438 1.615752
P3: 4.370573 0.684519 1.442343
normal_vector: 0.748697 -0.639883 -0.173213
P1: 4.562498 0.925276 1.280489
P2: 4.522759 0.803279 1.559402
P3: 4.475236 0.803279 1.353987
normal_vector: 0.749335 -0.639237 -0.172839
P1: 4.670074 1.000000 1.470515
P2: 4.522759 0.803279 1.559402
P3: 4.562498 0.925276 1.280489
normal_vector: 0.723883 -0.639801 -0.258162
P1: 4.601098 0.803279 1.779063
P2: 4.522759 0.803279 1.559402
P3: 4.657169 0.971982 1.518190
normal_vector: 0.657738 -0.715791 -0.234572
P1: 4.466210 0.616438 1.970978
P2: 4.522759 0.803279 1.559402
P3: 4.601098 0.803279 1.779063
normal_vector: 0.620558 -0.716439 -0.318784
P1: 4.524845 0.616438 2.085119
P2: 4.466210 0.616438 1.970978
P3: 4.559675 0.716097 1.928946
normal_vector: 0.547841 -0.787824 -0.281429
P1: 4.426612 0.444840 2.374263
P2: 4.466210 0.616438 1.970978
P3: 4.524845 0.616438 2.085119
normal_vector: 0.502966 -0.788311 -0.354388
P1: 4.436531 0.444840 2.388341
P2: 4.426612 0.444840 2.374263
P3: 4.442530 0.459441 2.364375
normal_vector: -0.435098 -0.853425 0.286977
P1: 2.219315 0.294117 3.745435
P2: 2.205579 0.444840 4.172834
P3: 2.009604 0.444840 3.875708
normal_vector: -0.513246 -0.788659 0.338521
P1: 2.009604 0.444840 3.875708
P2: 2.205579 0.444840 4.172834
P3: 2.026766 0.616438 4.301505
normal_vector: -0.513177 -0.788698 0.338534
P1: 2.009604 0.444840 3.875708
P2: 2.026766 0.616438 4.301505
P3: 1.822535 0.616438 3.991915
normal_vector: -0.582111 -0.716718 0.384008
P1: 1.822535 0.616438 3.991915
P2: 2.026766 0.616438 4.301505
P3: 1.870771 0.803279 4.413756
normal_vector: -0.582044 -0.716765 0.384022
P1: 1.822535 0.616438 3.991915
P2: 1.870771 0.803279 4.413756
P3: 1.659336 0.803279 4.093294
normal_vector: -0.641507 -0.639785 0.423255
P1: 1.659336 0.803279 4.093294
P2: 1.870771 0.803279 4.413756
P3: 1.737738 1.000000 4.509485
normal_vector: -0.641452 -0.639832 0.423267
P1: 1.659336 0.803279 4.093294
P2: 1.737738 1.000000 4.509485
P3: 1.520160 1.000000 4.179750
normal_vector: -0.691568 -0.559904 0.456336
P1: 1.520160 1.000000 4.179750
P2: 1.737738 1.000000 4.509485
P3: 1.626969 1.201780 4.589192
normal_vector: -0.691523 -0.559950 0.456347
P1: 1.520160 1.000000 4.179750
P2: 1.626969 1.201780 4.589192
P3: 1.404277 1.201780 4.251737
normal_vector: -0.732721 -0.478868 0.483534
P1: 1.404277 1.201780 4.251737
P2: 1.626969 1.201780 4.589192
P3: 1.537142 1.404494 4.653831
normal_vector: -0.732684 -0.478914 0.483545
P1: 1.404277 1.201780 4.251737
P2: 1.537142 1.404494 4.653831
P3: 1.310301 1.404494 4.310114
normal_vector: -0.765609 -0.398172 0.505275
P1: 1.310301 1.404494 4.310114
P2: 1.537142 1.404494 4.653831
P3: 1.483716 1.556006 4.692275
normal_vector: -0.765581 -0.398212 0.505284
P1: 1.236418 1.604774 4.356010
P2: 1.310301 1.404494 4.310114
P3: 1.457421 1.593108 4.681669
normal_vector: -0.791001 -0.319015 0.522061
P1: 1.360732 1.742107 4.628285
P2: 1.236418 1.604774 4.356010
P3: 1.449152 1.604774 4.678335
normal_vector: -0.790983 -0.319046 0.522069
P1: 1.180571 1.800000 4.390703
P2: 1.236418 1.604774 4.356010
P3: 1.360732 1.742107 4.628285
normal_vector: -0.816567 -0.206752 0.538955
P1: 1.244989 1.940020 4.542017
P2: 1.180571 1.800000 4.390703
P3: 1.323457 1.800000 4.607189
normal_vector: -0.816552 -0.206774 0.538969
P1: 1.114456 2.168142 4.431774
P2: 1.180571 1.800000 4.390703
P3: 1.244989 1.940020 4.542017
normal_vector: -0.832749 -0.066426 0.549651
P1: 1.116030 2.170543 4.434448
P2: 1.114456 2.168142 4.431774
P3: 1.117144 2.168142 4.435846
normal_vector: -0.832737 -0.066452 0.549667
P1: 1.114083 2.174738 4.432006
P2: 1.114456 2.168142 4.431774
P3: 1.116030 2.170543 4.434448
normal_vector: -0.850638 -0.206745 0.483396
P1: 1.059436 2.028712 4.275321
P2: 1.114456 2.168142 4.431774
P3: 1.037003 2.168142 4.295478
normal_vector: -0.850667 -0.206698 0.483364
P1: 1.180571 1.800000 4.390703
P2: 1.114456 2.168142 4.431774
P3: 1.059436 2.028712 4.275321
normal_vector: -0.824016 -0.319008 0.468221
P1: 1.117078 1.719164 4.223887
P2: 1.180571 1.800000 4.390703
P3: 1.096225 1.800000 4.242264
normal_vector: -0.824056 -0.318935 0.468201
P1: 1.236418 1.604774 4.356010
P2: 1.180571 1.800000 4.390703
P3: 1.117078 1.719164 4.223887
normal_vector: -0.797568 -0.398169 0.453151
P1: 1.176704 1.514441 4.171538
P2: 1.236418 1.604774 4.356010
P3: 1.146579 1.604774 4.197889
normal_vector: -0.797626 -0.398081 0.453127
P1: 1.310301 1.404494 4.310114
P2: 1.236418 1.604774 4.356010
P3: 1.176704 1.514441 4.171538
normal_vector: -0.763317 -0.478860 0.433636
P1: 1.255950 1.303044 4.102410
P2: 1.310301 1.404494 4.310114
P3: 1.213360 1.404494 4.139472
normal_vector: -0.763389 -0.478769 0.433610
P1: 1.404277 1.201780 4.251737
P2: 1.310301 1.404494 4.310114
P3: 1.255950 1.303044 4.102410
normal_vector: -0.720452 -0.559899 0.409221
P1: 1.357850 1.087718 4.013940
P2: 1.404277 1.201780 4.251737
P3: 1.298451 1.201780 4.065425
normal_vector: -0.720549 -0.559796 0.409191
P1: 1.520160 1.000000 4.179750
P2: 1.404277 1.201780 4.251737
P3: 1.357850 1.087718 4.013940
normal_vector: -0.668311 -0.639781 0.379526
P1: 1.485523 0.872303 3.903494
P2: 1.520160 1.000000 4.179750
P3: 1.403518 1.000000 3.974354
normal_vector: -0.668427 -0.639679 0.379493
P1: 1.659336 0.803279 4.093294
P2: 1.520160 1.000000 4.179750
P3: 1.485523 0.872303 3.903494
normal_vector: -0.606442 -0.716718 0.344302
P1: 1.642003 0.661930 3.768525
P2: 1.659336 0.803279 4.093294
P3: 1.529838 0.803279 3.865201
normal_vector: -0.606575 -0.716622 0.344267
P1: 1.822535 0.616438 3.991915
P2: 1.659336 0.803279 4.093294
P3: 1.642003 0.661930 3.768525
normal_vector: -0.534710 -0.788660 0.303480
P1: 1.829970 0.463203 3.606797
P2: 1.822535 0.616438 3.991915
P3: 1.678093 0.616438 3.737419
normal_vector: -0.534861 -0.788573 0.303442
P1: 2.009604 0.444840 3.875708
P2: 1.822535 0.616438 3.991915
P3: 1.829970 0.463203 3.606797
normal_vector: -0.453536 -0.853325 0.257179
P1: 2.009604 0.444840 3.875708
P2: 2.048829 0.294117 3.444782
P3: 2.219315 0.294117 3.745435
normal_vector: -0.391562 -0.853543 0.343720
P1: 2.417946 0.444840 4.451323
P2: 2.608204 0.294117 4.293782
P3: 2.636306 0.408404 4.609597
normal_vector: -0.461992 -0.788731 0.405545
P1: 2.455241 0.539804 4.678502
P2: 2.417946 0.444840 4.451323
P3: 2.580066 0.444840 4.636008
normal_vector: -0.461778 -0.788849 0.405560
P1: 2.248229 0.616438 4.591854
P2: 2.417946 0.444840 4.451323
P3: 2.455241 0.539804 4.678502
normal_vector: -0.523906 -0.716804 0.460124
P1: 2.281414 0.679972 4.728615
P2: 2.248229 0.616438 4.591854
P3: 2.354479 0.616438 4.712832
normal_vector: -0.523712 -0.716937 0.460138
P1: 2.100169 0.803279 4.714452
P2: 2.248229 0.616438 4.591854
P3: 2.281414 0.679972 4.728615
normal_vector: -0.577303 -0.639879 0.507224
P1: 2.115378 0.826900 4.761561
P2: 2.100169 0.803279 4.714452
P3: 2.139568 0.803279 4.759295
normal_vector: -0.577133 -0.640020 0.507239
P1: 2.034045 0.906299 4.769205
P2: 2.100169 0.803279 4.714452
P3: 2.115378 0.826900 4.761561
normal_vector: -0.610977 -0.639883 0.466108
P1: 1.870771 0.803279 4.413756
P2: 2.100169 0.803279 4.714452
P3: 2.034045 0.906299 4.769205
normal_vector: -0.554318 -0.716869 0.422884
P1: 2.100169 0.803279 4.714452
P2: 1.870771 0.803279 4.413756
P3: 2.026766 0.616438 4.301505
normal_vector: -0.554406 -0.716808 0.422872
P1: 2.100169 0.803279 4.714452
P2: 2.026766 0.616438 4.301505
P3: 2.248229 0.616438 4.591854
normal_vector: -0.488724 -0.788790 0.372773
P1: 2.248229 0.616438 4.591854
P2: 2.026766 0.616438 4.301505
P3: 2.205579 0.444840 4.172834
normal_vector: -0.488822 -0.788735 0.372760
P1: 2.248229 0.616438 4.591854
P2: 2.205579 0.444840 4.172834
P3: 2.417946 0.444840 4.451323
normal_vector: -0.414367 -0.853495 0.315983
P1: 2.417946 0.444840 4.451323
P2: 2.205579 0.444840 4.172834
P3: 2.406034 0.294117 4.028590
normal_vector: -0.414467 -0.853451 0.315971
P1: 2.417946 0.444840 4.451323
P2: 2.406034 0.294117 4.028590
P3: 2.608204 0.294117 4.293782
normal_vector: -0.056256 -0.998049 0.027071
P1: 2.967769 0.000000 2.644831
P2: 2.812272 0.019455 3.038962
P3: 2.719139 0.019455 2.845421
normal_vector: -0.056312 -0.998047 0.027049
P1: 2.812272 0.019455 3.038962
P2: 2.967769 0.000000 2.644831
P3: 3.086950 0.000000 2.892953
normal_vector: -0.054345 -0.998049 0.030750
P1: 2.812272 0.019455 3.038962
P2: 3.086950 0.000000 2.892953
P3: 2.953836 0.019455 3.289151
normal_vector: -0.054379 -0.998047 0.030738
P1: 2.953836 0.019455 3.289151
P2: 3.086950 0.000000 2.892953
P3: 3.218109 0.000000 3.124985
normal_vector: -0.052137 -0.998049 0.034347
P1: 2.953836 0.019455 3.289151
P2: 3.218109 0.000000 3.124985
P3: 3.108135 0.019455 3.523370
normal_vector: -0.052155 -0.998048 0.034342
P1: 3.108135 0.019455 3.523370
P2: 3.218109 0.000000 3.124985
P3: 3.360743 0.000000 3.341598
normal_vector: -0.049659 -0.998050 0.037810
P1: 3.108135 0.019455 3.523370
P2: 3.360743 0.000000 3.341598
P3: 3.274591 0.019455 3.741992
normal_vector: -0.049683 -0.998049 0.037805
P1: 3.274591 0.019455 3.741992
P2: 3.360743 0.000000 3.341598
P3: 3.514349 0.000000 3.543464
normal_vector: -0.046965 -0.998051 0.041088
P1: 3.274591 0.019455 3.741992
P2: 3.514349 0.000000 3.543464
P3: 3.452497 0.019455 3.945345
normal_vector: -0.047016 -0.998049 0.041080
P1: 3.452497 0.019455 3.945345
P2: 3.514349 0.000000 3.543464
P3: 3.678426 0.000000 3.731254
normal_vector: -0.044197 -0.998049 0.044110
P1: 3.670155 0.004296 3.820167
P2: 3.678426 0.000000 3.731254
P3: 3.716304 0.000000 3.769207
normal_vector: -0.375905 -0.908689 0.181602
P1: 2.055758 0.284895 3.412975
P2: 2.048829 0.294117 3.444782
P3: 2.039990 0.294117 3.426486
normal_vector: -0.363199 -0.908664 0.205953
P1: 2.048829 0.294117 3.444782
P2: 2.287793 0.169811 3.317758
P3: 2.219315 0.294117 3.745435
normal_vector: -0.363346 -0.908614 0.205915
P1: 2.219315 0.294117 3.745435
P2: 2.287793 0.169811 3.317758
P3: 2.449226 0.169811 3.602614
normal_vector: -0.348529 -0.908684 0.229828
P1: 2.219315 0.294117 3.745435
P2: 2.449226 0.169811 3.602614
P3: 2.406034 0.294117 4.028590
normal_vector: -0.348602 -0.908660 0.229814
P1: 2.406034 0.294117 4.028590
P2: 2.449226 0.169811 3.602614
P3: 2.625797 0.169811 3.870452
normal_vector: -0.331926 -0.908732 0.253045
P1: 2.406034 0.294117 4.028590
P2: 2.625797 0.169811 3.870452
P3: 2.608204 0.294117 4.293782
normal_vector: -0.332024 -0.908700 0.253031
P1: 2.608204 0.294117 4.293782
P2: 2.625797 0.169811 3.870452
P3: 2.816788 0.169811 4.121068
normal_vector: -0.294972 -0.908675 0.295468
P1: 3.024465 0.182866 4.397645
P2: 3.021102 0.169811 4.354138
P3: 3.049400 0.169811 4.382389
normal_vector: 0.136058 -0.982550 -0.126823
P1: 3.910113 0.019455 3.512303
P2: 3.754107 0.019455 3.344936
P3: 3.988333 0.076923 3.150990
normal_vector: 0.136058 -0.982550 -0.126823
P1: 3.910113 0.019455 3.512303
P2: 3.988333 0.076923 3.150990
P3: 4.015847 0.056019 3.342462
normal_vector: 0.044562 -0.998143 -0.041537
P1: 3.910113 0.019455 3.512303
P2: 3.752684 0.003747 3.720874
P3: 3.678426 0.000000 3.731254
normal_vector: 0.136346 -0.982505 -0.126859
P1: 4.015847 0.056019 3.342462
P2: 3.988333 0.076923 3.150990
P3: 4.076222 0.076923 3.245451
normal_vector: -0.313703 -0.908765 0.275204
P1: 2.812650 0.294117 4.526829
P2: 2.608204 0.294117 4.293782
P3: 2.816788 0.169811 4.121068
normal_vector: -0.313702 -0.908765 0.275204
P1: 2.812650 0.294117 4.526829
P2: 2.816788 0.169811 4.121068
P3: 2.824169 0.288028 4.519850
normal_vector: -0.391562 -0.853543 0.343721
P1: 2.636306 0.408404 4.609597
P2: 2.580066 0.444840 4.636008
P3: 2.417946 0.444840 4.451323
normal_vector: -0.131318 -0.982592 0.131407
P1: 3.447674 0.034727 4.054718
P2: 3.283066 0.076923 4.205744
P3: 3.231782 0.076923 4.154495
normal_vector: -0.131467 -0.982574 0.131398
P1: 3.447674 0.034727 4.054718
P2: 3.452497 0.019455 3.945345
P3: 3.507219 0.019455 4.000096
normal_vector: -0.044139 -0.998051 0.044116
P1: 3.507219 0.019455 4.000096
P2: 3.452497 0.019455 3.945345
P3: 3.678426 0.000000 3.731254
normal_vector: -0.044139 -0.998051 0.044116
P1: 3.507219 0.019455 4.000096
P2: 3.678426 0.000000 3.731254
P3: 3.670155 0.004296 3.820167
normal_vector: -0.215422 -0.952381 0.215784
P1: 3.232928 0.096861 4.243638
P2: 3.049400 0.169811 4.382389
P3: 3.021102 0.169811 4.354138
normal_vector: 0.044197 -0.998049 -0.044111
P1: 3.716304 0.000000 3.769207
P2: 3.678426 0.000000 3.731254
P3: 3.752684 0.003747 3.720874
normal_vector: 0.223471 -0.952276 -0.207922
P1: 4.213082 0.167957 2.975615
P2: 4.076222 0.076923 3.245451
P3: 3.988333 0.076923 3.150990
normal_vector: 0.223974 -0.952150 -0.207957
P1: 4.213082 0.167957 2.975615
P2: 4.211910 0.169811 2.965861
P3: 4.215866 0.169811 2.970122
normal_vector: 0.306117 -0.908575 -0.284226
P1: 4.215866 0.169811 2.970122
P2: 4.211910 0.169811 2.965861
P3: 4.220413 0.174879 2.958820
normal_vector: 0.341726 -0.908357 -0.241063
P1: 4.220413 0.174879 2.958820
P2: 4.211910 0.169811 2.965861
P3: 4.216901 0.294117 2.504535
normal_vector: 0.341728 -0.908356 -0.241063
P1: 4.220413 0.174879 2.958820
P2: 4.216901 0.294117 2.504535
P3: 4.339464 0.294117 2.678279
normal_vector: 0.426325 -0.853113 -0.300740
P1: 4.339464 0.294117 2.678279
P2: 4.216901 0.294117 2.504535
P3: 4.426612 0.444840 2.374263
normal_vector: 0.426324 -0.853114 -0.300740
P1: 4.339464 0.294117 2.678279
P2: 4.426612 0.444840 2.374263
P3: 4.425944 0.428392 2.419974
normal_vector: 0.426728 -0.852936 -0.300671
P1: 4.425944 0.428392 2.419974
P2: 4.426612 0.444840 2.374263
P3: 4.436531 0.444840 2.388341
normal_vector: 0.807289 -0.560011 -0.186207
P1: 4.694374 1.072321 1.358363
P2: 4.670074 1.000000 1.470515
P3: 4.615874 1.000000 1.235534
normal_vector: 0.807848 -0.559329 -0.185830
P1: 4.737837 1.201780 1.157648
P2: 4.694374 1.072321 1.358363
P3: 4.714370 1.169494 1.152811
normal_vector: 0.749335 -0.639237 -0.172839
P1: 4.670074 1.000000 1.470515
P2: 4.657169 0.971982 1.518190
P3: 4.522759 0.803279 1.559402
normal_vector: 0.657738 -0.715791 -0.234572
P1: 4.601098 0.803279 1.779063
P2: 4.559675 0.716097 1.928946
P3: 4.466210 0.616438 1.970978
normal_vector: 0.547841 -0.787825 -0.281429
P1: 4.524845 0.616438 2.085119
P2: 4.442530 0.459441 2.364375
P3: 4.426612 0.444840 2.374263
normal_vector: -0.765609 -0.398172 0.505274
P1: 1.483716 1.556006 4.692275
P2: 1.457421 1.593108 4.681669
P3: 1.310301 1.404494 4.310114
normal_vector: -0.729148 -0.398313 0.556498
P1: 1.483716 1.556006 4.692275
P2: 1.537142 1.404494 4.653831
P3: 1.569131 1.440219 4.721315
normal_vector: -0.765582 -0.398210 0.505285
P1: 1.457421 1.593108 4.681669
P2: 1.449152 1.604774 4.678335
P3: 1.236418 1.604774 4.356010
normal_vector: -0.790983 -0.319045 0.522069
P1: 1.360732 1.742107 4.628285
P2: 1.323457 1.800000 4.607189
P3: 1.180571 1.800000 4.390703
normal_vector: -0.816555 -0.206780 0.538962
P1: 1.244989 1.940020 4.542017
P2: 1.117144 2.168142 4.435846
P3: 1.114456 2.168142 4.431774
normal_vector: -0.461778 -0.788849 0.405560
P1: 2.455241 0.539804 4.678502
P2: 2.354479 0.616438 4.712832
P3: 2.248229 0.616438 4.591854
normal_vector: -0.523712 -0.716937 0.460138
P1: 2.281414 0.679972 4.728615
P2: 2.139568 0.803279 4.759295
P3: 2.100169 0.803279 4.714452
normal_vector: -0.610977 -0.639883 0.466108
P1: 2.034045 0.906299 4.769205
P2: 1.962407 0.978072 4.773834
P3: 1.870771 0.803279 4.413756
normal_vector: -0.729186 -0.398259 0.556487
P1: 1.569131 1.440219 4.721315
P2: 1.537142 1.404494 4.653831
P3: 1.595483 1.404494 4.730277
normal_vector: -0.697808 -0.479024 0.532541
P1: 1.595483 1.404494 4.730277
P2: 1.537142 1.404494 4.653831
P3: 1.626969 1.201780 4.589192
normal_vector: -0.697808 -0.479024 0.532541
P1: 1.595483 1.404494 4.730277
P2: 1.626969 1.201780 4.589192
P3: 1.691773 1.285698 4.749592
normal_vector: -0.697859 -0.478963 0.532530
P1: 1.691773 1.285698 4.749592
P2: 1.626969 1.201780 4.589192
P3: 1.759786 1.201780 4.763244
normal_vector: -0.658597 -0.560067 0.502569
P1: 1.759786 1.201780 4.763244
P2: 1.626969 1.201780 4.589192
P3: 1.737738 1.000000 4.509485
normal_vector: -0.658597 -0.560067 0.502569
P1: 1.759786 1.201780 4.763244
P2: 1.737738 1.000000 4.509485
P3: 1.822966 1.131247 4.767436
normal_vector: -0.658657 -0.560006 0.502558
P1: 1.822966 1.131247 4.767436
P2: 1.737738 1.000000 4.509485
P3: 1.940519 1.000000 4.775251
normal_vector: -0.610901 -0.639947 0.466120
P1: 1.940519 1.000000 4.775251
P2: 1.737738 1.000000 4.509485
P3: 1.870771 0.803279 4.413756
normal_vector: -0.610902 -0.639947 0.466120
P1: 1.940519 1.000000 4.775251
P2: 1.870771 0.803279 4.413756
P3: 1.962407 0.978072 4.773834
normal_vector: -0.313919 -0.908695 0.275188
P1: 2.824169 0.288028 4.519850
P2: 2.816788 0.169811 4.121068
P3: 3.021102 0.169811 4.354138
normal_vector: -0.313920 -0.908695 0.275186
P1: 2.824169 0.288028 4.519850
P2: 3.021102 0.169811 4.354138
P3: 2.885306 0.255693 4.482819
normal_vector: -0.294732 -0.908751 0.295473
P1: 2.885306 0.255693 4.482819
P2: 3.021102 0.169811 4.354138
P3: 3.024465 0.182866 4.397645
normal_vector: 0.855487 -0.478976 -0.196785
P1: 4.742464 1.221713 1.129245
P2: 4.737837 1.201780 1.157648
P3: 4.733105 1.201780 1.137076
normal_vector: 0.623186 0.588812 0.514722
P1: 3.962261 0.889185 2.454245
P2: 4.442530 0.459441 2.364375
P3: 4.524845 0.616438 2.085119
normal_vector: 0.623186 0.588812 0.514722
P1: 3.738457 1.333525 2.216912
P2: 3.304948 1.445339 2.613863
P3: 3.705797 0.874589 2.781450
normal_vector: 0.623201 0.588799 0.514720
P1: 4.436531 0.444840 2.388341
P2: 4.442530 0.459441 2.364375
P3: 4.425944 0.428392 2.419974
normal_vector: 0.623186 0.588812 0.514722
P1: 2.533456 1.006678 4.049729
P2: 3.110751 0.681833 3.722388
P3: 2.946379 1.260895 3.258984
normal_vector: 0.623187 0.588812 0.514722
P1: 1.899357 1.283797 4.500440
P2: 1.595483 1.404494 4.730277
P3: 1.691773 1.285698 4.749592
normal_vector: 0.623186 0.588811 0.514724
P1: 1.323457 1.800000 4.607189
P2: 1.360732 1.742107 4.628285
P3: 1.899357 1.283797 4.500440
normal_vector: 0.623186 0.588812 0.514722
P1: 3.110751 0.681833 3.722388
P2: 2.845290 0.587050 4.152214
P3: 3.645786 0.239997 3.580042
normal_vector: 0.623185 0.588817 0.514719
P1: 3.447674 0.034727 4.054718
P2: 3.232928 0.096861 4.243638
P3: 3.283066 0.076923 4.205744
normal_vector: 0.623186 0.588812 0.514722
P1: 2.845290 0.587050 4.152214
P2: 3.035798 0.334742 4.210187
P3: 3.670155 0.004296 3.820167
normal_vector: 0.623187 0.588811 0.514723
P1: 2.824169 0.288028 4.519850
P2: 2.885306 0.255693 4.482819
P3: 3.035798 0.334742 4.210187
normal_vector: 0.623187 0.588812 0.514722
P1: 1.333886 2.043523 4.315988
P2: 1.757634 2.063860 3.779681
P3: 1.114083 2.174738 4.432006
normal_vector: 0.623186 0.588812 0.514722
P1: 1.323457 1.800000 4.607189
P2: 1.768484 1.791885 4.077669
P3: 1.333886 2.043523 4.315988
normal_vector: 0.623186 0.588812 0.514722
P1: 2.366746 0.739076 4.557690
P2: 2.281414 0.679972 4.728615
P3: 2.354479 0.616438 4.712832
normal_vector: 0.623187 0.588812 0.514722
P1: 1.899357 1.283797 4.500440
P2: 1.360732 1.742107 4.628285
P3: 1.449152 1.604774 4.678335
normal_vector: 0.623187 0.588812 0.514722
P1: 1.333886 2.043523 4.315988
P2: 1.244989 1.940020 4.542017
P3: 1.323457 1.800000 4.607189
normal_vector: 0.623186 0.588807 0.514729
P1: 1.449152 1.604774 4.678335
P2: 1.457421 1.593108 4.681669
P3: 1.899357 1.283797 4.500440
normal_vector: 0.623186 0.588811 0.514723
P1: 1.457421 1.593108 4.681669
P2: 1.483716 1.556006 4.692275
P3: 1.899357 1.283797 4.500440
normal_vector: 0.623186 0.588812 0.514722
P1: 3.645786 0.239997 3.580042
P2: 4.076222 0.076923 3.245451
P3: 4.213082 0.167957 2.975615
normal_vector: 0.623186 0.588812 0.514722
P1: 3.752684 0.003747 3.720874
P2: 3.910113 0.019455 3.512303
P3: 3.645786 0.239997 3.580042
normal_vector: 0.623186 0.588812 0.514722
P1: 2.578384 0.863941 4.158616
P2: 2.533456 1.006678 4.049729
P3: 1.899357 1.283797 4.500440
normal_vector: 0.623186 0.588814 0.514720
P1: 3.232928 0.096861 4.243638
P2: 2.885306 0.255693 4.482819
P3: 3.024465 0.182866 4.397645
normal_vector: 0.623187 0.588812 0.514722
P1: 1.899357 1.283797 4.500440
P2: 1.691773 1.285698 4.749592
P3: 1.759786 1.201780 4.763244
normal_vector: 0.623186 0.588812 0.514722
P1: 1.940519 1.000000 4.775251
P2: 1.962407 0.978072 4.773834
P3: 2.578384 0.863941 4.158616
normal_vector: 0.623186 0.588812 0.514722
P1: 2.578384 0.863941 4.158616
P2: 1.822966 1.131247 4.767436
P3: 1.940519 1.000000 4.775251
normal_vector: 0.623186 0.588812 0.514723
P1: 1.962407 0.978072 4.773834
P2: 2.034045 0.906299 4.769205
P3: 2.366746 0.739076 4.557690
normal_vector: 0.623186 0.588812 0.514722
P1: 4.220413 0.174879 2.958820
P2: 3.110751 0.681833 3.722388
P3: 3.645786 0.239997 3.580042
normal_vector: 0.623184 0.588815 0.514721
P1: 2.812650 0.294117 4.526829
P2: 2.824169 0.288028 4.519850
P3: 3.035798 0.334742 4.210187
normal_vector: 0.623186 0.588812 0.514722
P1: 2.580066 0.444840 4.636008
P2: 2.845290 0.587050 4.152214
P3: 2.366746 0.739076 4.557690
normal_vector: 0.623187 0.588812 0.514723
P1: 3.232928 0.096861 4.243638
P2: 3.447674 0.034727 4.054718
P3: 3.035798 0.334742 4.210187
normal_vector: 0.623186 0.588812 0.514723
P1: 2.366746 0.739076 4.557690
P2: 2.455241 0.539804 4.678502
P3: 2.580066 0.444840 4.636008
normal_vector: 0.623186 0.588812 0.514723
P1: 3.035798 0.334742 4.210187
P2: 2.636306 0.408404 4.609597
P3: 2.812650 0.294117 4.526829
normal_vector: 0.623187 0.588812 0.514723
P1: 3.035798 0.334742 4.210187
P2: 2.885306 0.255693 4.482819
P3: 3.232928 0.096861 4.243638
normal_vector: 0.623186 0.588812 0.514723
P1: 3.507219 0.019455 4.000096
P2: 3.670155 0.004296 3.820167
P3: 3.035798 0.334742 4.210187
normal_vector: 0.623187 0.588808 0.514725
P1: 3.024465 0.182866 4.397645
P2: 3.049400 0.169811 4.382389
P3: 3.232928 0.096861 4.243638
normal_vector: 0.623187 0.588812 0.514722
P1: 3.670155 0.004296 3.820167
P2: 3.752684 0.003747 3.720874
P3: 3.645786 0.239997 3.580042
normal_vector: 0.623186 0.588812 0.514723
P1: 3.035798 0.334742 4.210187
P2: 3.447674 0.034727 4.054718
P3: 3.507219 0.019455 4.000096
normal_vector: 0.623186 0.588812 0.514722
P1: 3.645786 0.239997 3.580042
P2: 2.845290 0.587050 4.152214
P3: 3.670155 0.004296 3.820167
normal_vector: 0.623190 0.588806 0.514725
P1: 3.716304 0.000000 3.769207
P2: 3.752684 0.003747 3.720874
P3: 3.670155 0.004296 3.820167
normal_vector: 0.623186 0.588812 0.514722
P1: 2.636306 0.408404 4.609597
P2: 3.035798 0.334742 4.210187
P3: 2.845290 0.587050 4.152214
normal_vector: 0.623186 0.588812 0.514722
P1: 2.366746 0.739076 4.557690
P2: 2.845290 0.587050 4.152214
P3: 2.578384 0.863941 4.158616
normal_vector: 0.623186 0.588812 0.514722
P1: 3.110751 0.681833 3.722388
P2: 2.578384 0.863941 4.158616
P3: 2.845290 0.587050 4.152214
normal_vector: 0.623186 0.588812 0.514722
P1: 2.578384 0.863941 4.158616
P2: 3.110751 0.681833 3.722388
P3: 2.533456 1.006678 4.049729
normal_vector: 0.623150 0.588848 0.514725
P1: 4.213082 0.167957 2.975615
P2: 4.215866 0.169811 2.970122
P3: 4.220413 0.174879 2.958820
normal_vector: 0.623186 0.588812 0.514722
P1: 3.110751 0.681833 3.722388
P2: 3.693490 0.682642 3.015927
P3: 3.371155 0.942618 3.108789
normal_vector: 0.623186 0.588812 0.514722
P1: 3.962261 0.889185 2.454245
P2: 3.705797 0.874589 2.781450
P3: 4.339464 0.294117 2.678279
normal_vector: 0.623186 0.588812 0.514722
P1: 3.110751 0.681833 3.722388
P2: 3.371155 0.942618 3.108789
P3: 2.946379 1.260895 3.258984
normal_vector: 0.623186 0.588812 0.514722
P1: 2.506942 1.813918 3.158395
P2: 2.946379 1.260895 3.258984
P3: 2.885455 1.799354 2.716781
normal_vector: 0.623186 0.588812 0.514723
P1: 2.370504 1.959535 3.157007
P2: 2.506942 1.813918 3.158395
P3: 2.497261 1.920106 3.048644
normal_vector: 0.623186 0.588812 0.514722
P1: 3.738457 1.333525 2.216912
P2: 4.657169 0.971982 1.518190
P3: 4.670074 1.000000 1.470515
normal_vector: 0.623187 0.588812 0.514722
P1: 4.670074 1.000000 1.470515
P2: 4.694374 1.072321 1.358363
P3: 4.515004 1.292467 1.323697
normal_vector: 0.623187 0.588811 0.514722
P1: 4.706986 1.232749 1.159574
P2: 4.737837 1.201780 1.157648
P3: 4.742464 1.221713 1.129245
normal_vector: 0.623186 0.588812 0.514723
P1: 3.738457 1.333525 2.216912
P2: 4.559675 0.716097 1.928946
P3: 4.601098 0.803279 1.779063
normal_vector: 0.623186 0.588812 0.514722
P1: 3.738457 1.333525 2.216912
P2: 4.601098 0.803279 1.779063
P3: 4.657169 0.971982 1.518190
normal_vector: 0.623187 0.588812 0.514722
P1: 3.705797 0.874589 2.781450
P2: 3.962261 0.889185 2.454245
P3: 3.738457 1.333525 2.216912
normal_vector: 0.623186 0.588812 0.514722
P1: 2.946379 1.260895 3.258984
P2: 3.303706 1.221709 2.871187
P3: 2.911446 1.791270 2.694561
normal_vector: 0.623187 0.588812 0.514722
P1: 3.371155 0.942618 3.108789
P2: 3.705797 0.874589 2.781450
P3: 3.303706 1.221709 2.871187
normal_vector: 0.623186 0.588812 0.514722
P1: 1.323457 1.800000 4.607189
P2: 2.315062 1.325415 3.949527
P3: 1.768484 1.791885 4.077669
normal_vector: 0.623186 0.588812 0.514722
P1: 1.899357 1.283797 4.500440
P2: 2.315062 1.325415 3.949527
P3: 1.323457 1.800000 4.607189
normal_vector: 0.623186 0.588812 0.514722
P1: 3.110751 0.681833 3.722388
P2: 4.220413 0.174879 2.958820
P3: 4.339464 0.294117 2.678279
normal_vector: 0.623186 0.588812 0.514722
P1: 1.899357 1.283797 4.500440
P2: 2.533456 1.006678 4.049729
P3: 2.315062 1.325415 3.949527
normal_vector: 0.623186 0.588812 0.514722
P1: 2.578384 0.863941 4.158616
P2: 1.962407 0.978072 4.773834
P3: 2.366746 0.739076 4.557690
normal_vector: 0.623186 0.588812 0.514722
P1: 2.366746 0.739076 4.557690
P2: 2.139568 0.803279 4.759295
P3: 2.281414 0.679972 4.728615
normal_vector: 0.623186 0.588812 0.514722
P1: 1.483716 1.556006 4.692275
P2: 1.569131 1.440219 4.721315
P3: 1.899357 1.283797 4.500440
normal_vector: 0.623186 0.588813 0.514722
P1: 1.595483 1.404494 4.730277
P2: 1.899357 1.283797 4.500440
P3: 1.569131 1.440219 4.721315
normal_vector: 0.623186 0.588812 0.514722
P1: 2.366746 0.739076 4.557690
P2: 2.354479 0.616438 4.712832
P3: 2.455241 0.539804 4.678502
normal_vector: 0.623187 0.588811 0.514722
P1: 2.845290 0.587050 4.152214
P2: 2.580066 0.444840 4.636008
P3: 2.636306 0.408404 4.609597
normal_vector: 0.623186 0.588812 0.514722
P1: 1.759786 1.201780 4.763244
P2: 2.578384 0.863941 4.158616
P3: 1.899357 1.283797 4.500440
normal_vector: 0.623186 0.588812 0.514722
P1: 1.759786 1.201780 4.763244
P2: 1.822966 1.131247 4.767436
P3: 2.578384 0.863941 4.158616
normal_vector: 0.623189 0.588807 0.514725
P1: 3.645786 0.239997 3.580042
P2: 4.213082 0.167957 2.975615
P3: 4.220413 0.174879 2.958820
normal_vector: 0.623186 0.588812 0.514722
P1: 2.946379 1.260895 3.258984
P2: 2.315062 1.325415 3.949527
P3: 2.533456 1.006678 4.049729
normal_vector: 0.623186 0.588812 0.514722
P1: 3.110751 0.681833 3.722388
P2: 4.339464 0.294117 2.678279
P3: 3.693490 0.682642 3.015927
normal_vector: 0.623186 0.588812 0.514722
P1: 3.705797 0.874589 2.781450
P2: 3.693490 0.682642 3.015927
P3: 4.339464 0.294117 2.678279
normal_vector: 0.623186 0.588812 0.514722
P1: 1.333886 2.043523 4.315988
P2: 1.768484 1.791885 4.077669
P3: 1.757634 2.063860 3.779681
normal_vector: 0.623186 0.588812 0.514722
P1: 3.705797 0.874589 2.781450
P2: 3.371155 0.942618 3.108789
P3: 3.693490 0.682642 3.015927
normal_vector: 0.623186 0.588812 0.514722
P1: 3.303706 1.221709 2.871187
P2: 2.946379 1.260895 3.258984
P3: 3.371155 0.942618 3.108789
normal_vector: 0.623186 0.588812 0.514722
P1: 1.768484 1.791885 4.077669
P2: 2.157499 1.705547 3.705445
P3: 1.757634 2.063860 3.779681
normal_vector: 0.623187 0.588811 0.514723
P1: 1.406113 2.259519 3.981454
P2: 1.757634 2.063860 3.779681
P3: 1.736347 2.156796 3.699141
normal_vector: 0.623187 0.588811 0.514723
P1: 1.047651 2.371022 4.287900
P2: 1.757634 2.063860 3.779681
P3: 1.406113 2.259519 3.981454
normal_vector: 0.623186 0.588813 0.514722
P1: 2.034045 0.906299 4.769205
P2: 2.115378 0.826900 4.761561
P3: 2.366746 0.739076 4.557690
normal_vector: 0.623187 0.588811 0.514723
P1: 2.139568 0.803279 4.759295
P2: 2.366746 0.739076 4.557690
P3: 2.115378 0.826900 4.761561
normal_vector: 0.623186 0.588812 0.514722
P1: 2.157499 1.705547 3.705445
P2: 2.946379 1.260895 3.258984
P3: 2.506942 1.813918 3.158395
normal_vector: 0.623186 0.588812 0.514722
P1: 3.962261 0.889185 2.454245
P2: 4.524845 0.616438 2.085119
P3: 4.559675 0.716097 1.928946
normal_vector: 0.623186 0.588812 0.514722
P1: 3.536561 1.596821 2.160158
P2: 3.738457 1.333525 2.216912
P3: 3.787270 1.518836 1.945829
normal_vector: 0.623186 0.588812 0.514722
P1: 3.738457 1.333525 2.216912
P2: 4.670074 1.000000 1.470515
P3: 4.438014 1.316415 1.389515
normal_vector: 0.623186 0.588812 0.514723
P1: 4.339464 0.294117 2.678279
P2: 4.425944 0.428392 2.419974
P3: 3.962261 0.889185 2.454245
normal_vector: 0.623187 0.588812 0.514722
P1: 3.304948 1.445339 2.613863
P2: 3.303706 1.221709 2.871187
P3: 3.705797 0.874589 2.781450
normal_vector: 0.623186 0.588812 0.514722
P1: 1.333886 2.043523 4.315988
P2: 1.117144 2.168142 4.435846
P3: 1.244989 1.940020 4.542017
normal_vector: 0.623186 0.588812 0.514722
P1: 2.157499 1.705547 3.705445
P2: 1.768484 1.791885 4.077669
P3: 2.315062 1.325415 3.949527
normal_vector: 0.623186 0.588812 0.514722
P1: 2.315062 1.325415 3.949527
P2: 2.946379 1.260895 3.258984
P3: 2.157499 1.705547 3.705445
normal_vector: 0.623186 0.588812 0.514722
P1: 3.910113 0.019455 3.512303
P2: 4.015847 0.056019 3.342462
P3: 3.645786 0.239997 3.580042
normal_vector: 0.623186 0.588812 0.514722
P1: 4.076222 0.076923 3.245451
P2: 3.645786 0.239997 3.580042
P3: 4.015847 0.056019 3.342462
normal_vector: 0.623187 0.588807 0.514727
P1: 1.114083 2.174738 4.432006
P2: 1.116030 2.170543 4.434448
P3: 1.333886 2.043523 4.315988
normal_vector: 0.623187 0.588809 0.514725
P1: 1.117144 2.168142 4.435846
P2: 1.333886 2.043523 4.315988
P3: 1.116030 2.170543 4.434448
normal_vector: 0.623186 0.588812 0.514723
P1: 4.425944 0.428392 2.419974
P2: 4.442530 0.459441 2.364375
P3: 3.962261 0.889185 2.454245
normal_vector: 0.623186 0.588812 0.514722
P1: 4.559675 0.716097 1.928946
P2: 3.738457 1.333525 2.216912
P3: 3.962261 0.889185 2.454245
normal_vector: -0.469487 -0.853310 0.226812
P1: 2.039990 0.294117 3.426486
P2: 2.048829 0.294117 3.444782
P3: 1.969624 0.348887 3.486885
normal_vector: -0.453383 -0.853395 0.257217
P1: 1.969624 0.348887 3.486885
P2: 2.048829 0.294117 3.444782
P3: 2.009604 0.444840 3.875708
normal_vector: -0.453383 -0.853395 0.257217
P1: 1.969624 0.348887 3.486885
P2: 2.009604 0.444840 3.875708
P3: 1.848165 0.444840 3.591149
normal_vector: -0.167416 -0.982579 0.080687
P1: 2.634179 0.039901 2.918008
P2: 2.543933 0.076923 3.181602
P3: 2.480268 0.076923 3.049504
normal_vector: -0.167565 -0.982558 0.080633
P1: 2.634179 0.039901 2.918008
P2: 2.719139 0.019455 2.845421
P3: 2.812272 0.019455 3.038962
normal_vector: -0.274916 -0.952295 0.132496
P1: 2.480268 0.076923 3.049504
P2: 2.543933 0.076923 3.181602
P3: 2.287793 0.169811 3.317758
normal_vector: -0.274916 -0.952295 0.132496
P1: 2.480268 0.076923 3.049504
P2: 2.287793 0.169811 3.317758
P3: 2.326457 0.139637 3.181106
normal_vector: -0.056256 -0.998049 0.027071
P1: 2.719139 0.019455 2.845421
P2: 2.939178 0.001960 2.657688
P3: 2.967769 0.000000 2.644831
normal_vector: -0.274705 -0.952346 0.132567
P1: 2.326457 0.139637 3.181106
P2: 2.287793 0.169811 3.317758
P3: 2.252418 0.169811 3.244454
normal_vector: -0.376153 -0.908602 0.181523
P1: 2.252418 0.169811 3.244454
P2: 2.287793 0.169811 3.317758
P3: 2.048829 0.294117 3.444782
normal_vector: -0.376154 -0.908602 0.181522
P1: 2.252418 0.169811 3.244454
P2: 2.048829 0.294117 3.444782
P3: 2.055758 0.284895 3.412975
normal_vector: 0.057960 -0.998047 -0.023282
P1: 2.977596 0.001035 2.624927
P2: 3.213906 0.019455 2.423588
P3: 3.251521 0.019455 2.517227
normal_vector: 0.057888 -0.998051 -0.023318
P1: 2.977596 0.001035 2.624927
P2: 2.967769 0.000000 2.644831
P3: 2.964311 0.000000 2.636246
normal_vector: 0.172614 -0.982561 -0.069121
P1: 3.370972 0.056429 2.289948
P2: 3.457985 0.076923 2.215913
P3: 3.528724 0.076923 2.392568
normal_vector: -0.057935 -0.998048 0.023337
P1: 2.964311 0.000000 2.636246
P2: 2.967769 0.000000 2.644831
P3: 2.939178 0.001960 2.657688
normal_vector: 0.283290 -0.952301 -0.113440
P1: 3.457985 0.076923 2.215913
P2: 3.497336 0.092612 2.182480
P3: 3.793326 0.169811 2.273576
normal_vector: 0.393454 -0.908290 -0.142135
P1: 3.870772 0.267236 1.865382
P2: 3.918270 0.294117 1.825085
P3: 4.040184 0.294117 2.162563
normal_vector: 0.490311 -0.853359 -0.177126
P1: 3.918270 0.294117 1.825085
P2: 4.066931 0.405670 1.699163
P3: 4.128306 0.444840 1.680345
normal_vector: 0.599415 -0.788256 -0.139120
P1: 4.137008 0.458612 1.639807
P2: 4.310498 0.616438 1.493059
P3: 4.338974 0.616438 1.615752
normal_vector: 0.679229 -0.716796 -0.157644
P1: 4.370573 0.684519 1.442343
P2: 4.338974 0.616438 1.615752
P3: 4.310498 0.616438 1.493059
normal_vector: 0.679907 -0.716229 -0.157298
P1: 4.370573 0.684519 1.442343
P2: 4.475236 0.803279 1.353987
P3: 4.522759 0.803279 1.559402
normal_vector: 0.749335 -0.639237 -0.172839
P1: 4.562498 0.925276 1.280489
P2: 4.615874 1.000000 1.235534
P3: 4.670074 1.000000 1.470515
normal_vector: 0.807289 -0.560011 -0.186207
P1: 4.615874 1.000000 1.235534
P2: 4.634502 1.032055 1.219889
P3: 4.694374 1.072321 1.358363
normal_vector: -0.867502 -0.066426 0.492979
P1: 1.037003 2.168142 4.295478
P2: 1.114456 2.168142 4.431774
P3: 1.114083 2.174738 4.432006
normal_vector: -0.867502 -0.066421 0.492979
P1: 1.037003 2.168142 4.295478
P2: 1.114083 2.174738 4.432006
P3: 1.036797 2.172352 4.295684
normal_vector: -0.850667 -0.206697 0.483365
P1: 1.059436 2.028712 4.275321
P2: 1.096225 1.800000 4.242264
P3: 1.180571 1.800000 4.390703
normal_vector: -0.824056 -0.318935 0.468201
P1: 1.117078 1.719164 4.223887
P2: 1.146579 1.604774 4.197889
P3: 1.236418 1.604774 4.356010
normal_vector: -0.797626 -0.398082 0.453127
P1: 1.176704 1.514441 4.171538
P2: 1.213360 1.404494 4.139472
P3: 1.310301 1.404494 4.310114
normal_vector: -0.763389 -0.478769 0.433610
P1: 1.255950 1.303044 4.102410
P2: 1.298451 1.201780 4.065425
P3: 1.404277 1.201780 4.251737
normal_vector: -0.720549 -0.559796 0.409191
P1: 1.357850 1.087718 4.013940
P2: 1.403518 1.000000 3.974354
P3: 1.520160 1.000000 4.179750
normal_vector: -0.668428 -0.639679 0.379493
P1: 1.485523 0.872303 3.903494
P2: 1.529838 0.803279 3.865201
P3: 1.659336 0.803279 4.093294
normal_vector: -0.606575 -0.716622 0.344267
P1: 1.642003 0.661930 3.768525
P2: 1.678093 0.616438 3.737419
P3: 1.822535 0.616438 3.991915
normal_vector: -0.534861 -0.788573 0.303442
P1: 1.829970 0.463203 3.606797
P2: 1.848165 0.444840 3.591149
P3: 2.009604 0.444840 3.875708
normal_vector: 0.807848 -0.559329 -0.185827
P1: 4.714370 1.169494 1.152811
P2: 4.733105 1.201780 1.137076
P3: 4.737837 1.201780 1.157648
normal_vector: 0.807289 -0.560011 -0.186207
P1: 4.714370 1.169494 1.152811
P2: 4.694374 1.072321 1.358363
P3: 4.634502 1.032055 1.219889
normal_vector: -0.867501 -0.066431 0.492979
P1: 1.036797 2.172352 4.295684
P2: 1.114083 2.174738 4.432006
P3: 1.026795 2.377509 4.305729
normal_vector: 0.623186 0.588812 0.514722
P1: 1.026795 2.377509 4.305729
P2: 1.114083 2.174738 4.432006
P3: 1.757634 2.063860 3.779681
normal_vector: 0.623188 0.588804 0.514730
P1: 1.026795 2.377509 4.305729
P2: 1.757634 2.063860 3.779681
P3: 1.047651 2.371022 4.287900
normal_vector: 0.623187 0.588811 0.514723
P1: 1.736347 2.156796 3.699141
P2: 1.757634 2.063860 3.779681
P3: 1.849114 2.121719 3.602738
normal_vector: 0.623187 0.588812 0.514723
P1: 2.497261 1.920106 3.048644
P2: 2.506942 1.813918 3.158395
P3: 2.788138 1.829626 2.799976
normal_vector: 0.623187 0.588812 0.514722
P1: 4.515004 1.292467 1.323697
P2: 4.694374 1.072321 1.358363
P3: 4.737837 1.201780 1.157648
normal_vector: 0.623187 0.588811 0.514723
P1: 4.515004 1.292467 1.323697
P2: 4.737837 1.201780 1.157648
P3: 4.706986 1.232749 1.159574
normal_vector: 0.623186 0.588812 0.514723
P1: 4.515004 1.292467 1.323697
P2: 4.438014 1.316415 1.389515
P3: 4.670074 1.000000 1.470515
normal_vector: 0.623186 0.588812 0.514722
P1: 4.438014 1.316415 1.389515
P2: 3.787270 1.518836 1.945829
P3: 3.738457 1.333525 2.216912
normal_vector: 0.623186 0.588812 0.514723
P1: 1.849114 2.121719 3.602738
P2: 1.757634 2.063860 3.779681
P3: 2.157499 1.705547 3.705445
normal_vector: 0.623186 0.588812 0.514722
P1: 1.849114 2.121719 3.602738
P2: 2.157499 1.705547 3.705445
P3: 2.112104 2.039913 3.377910
normal_vector: 0.623186 0.588812 0.514722
P1: 2.911446 1.791270 2.694561
P2: 3.303706 1.221709 2.871187
P3: 3.304948 1.445339 2.613863
normal_vector: 0.623186 0.588812 0.514723
P1: 2.911446 1.791270 2.694561
P2: 3.304948 1.445339 2.613863
P3: 2.937689 1.783106 2.672127
normal_vector: 0.623186 0.588812 0.514723
P1: 2.911446 1.791270 2.694561
P2: 2.885455 1.799354 2.716781
P3: 2.946379 1.260895 3.258984
normal_vector: 0.623187 0.588811 0.514723
P1: 2.885455 1.799354 2.716781
P2: 2.788138 1.829626 2.799976
P3: 2.506942 1.813918 3.158395
normal_vector: 0.623186 0.588812 0.514723
P1: 2.937689 1.783106 2.672127
P2: 3.304948 1.445339 2.613863
P3: 3.330038 1.661062 2.336712
normal_vector: 0.623186 0.588812 0.514722
P1: 3.330038 1.661062 2.336712
P2: 3.304948 1.445339 2.613863
P3: 3.738457 1.333525 2.216912
normal_vector: 0.623187 0.588812 0.514722
P1: 3.330038 1.661062 2.336712
P2: 3.738457 1.333525 2.216912
P3: 3.536561 1.596821 2.160158
normal_vector: 0.623186 0.588812 0.514722
P1: 2.112104 2.039913 3.377910
P2: 2.157499 1.705547 3.705445
P3: 2.506942 1.813918 3.158395
normal_vector: 0.623186 0.588812 0.514722
P1: 2.112104 2.039913 3.377910
P2: 2.506942 1.813918 3.158395
P3: 2.370504 1.959535 3.157007
normal_vector: -0.648781 0.005626 -0.760954
P1: 2.634179 0.039901 2.918008
P2: 2.480268 0.076923 3.049504
P3: 2.531621 0.682062 3.010196
normal_vector: -0.648781 0.005626 -0.760954
P1: 2.062765 0.917754 3.411680
P2: 1.829970 0.463203 3.606797
P3: 1.678093 0.616438 3.737419
normal_vector: -0.648781 0.005625 -0.760955
P1: 1.529838 0.803279 3.865201
P2: 1.485523 0.872303 3.903494
P3: 2.112104 2.039913 3.377910
normal_vector: -0.648781 0.005626 -0.760954
P1: 2.112104 2.039913 3.377910
P2: 1.485523 0.872303 3.903494
P3: 1.403518 1.000000 3.974354
normal_vector: -0.648781 0.005626 -0.760954
P1: 1.849114 2.121719 3.602738
P2: 1.403518 1.000000 3.974354
P3: 1.357850 1.087718 4.013940
normal_vector: -0.648781 0.005626 -0.760954
P1: 1.849114 2.121719 3.602738
P2: 1.357850 1.087718 4.013940
P3: 1.298451 1.201780 4.065425
normal_vector: -0.648781 0.005626 -0.760954
P1: 1.849114 2.121719 3.602738
P2: 1.298451 1.201780 4.065425
P3: 1.736347 2.156796 3.699141
normal_vector: -0.648781 0.005625 -0.760955
P1: 1.096225 1.800000 4.242264
P2: 1.406113 2.259519 3.981454
P3: 1.117078 1.719164 4.223887
normal_vector: -0.648781 0.005626 -0.760954
P1: 1.255950 1.303044 4.102410
P2: 1.213360 1.404494 4.139472
P3: 1.736347 2.156796 3.699141
normal_vector: -0.648781 0.005626 -0.760954
P1: 1.037003 2.168142 4.295478
P2: 1.406113 2.259519 3.981454
P3: 1.059436 2.028712 4.275321
normal_vector: -0.648781 0.005626 -0.760954
P1: 1.176704 1.514441 4.171538
P2: 1.146579 1.604774 4.197889
P3: 1.736347 2.156796 3.699141
normal_vector: -0.648781 0.005626 -0.760954
P1: 1.406113 2.259519 3.981454
P2: 1.736347 2.156796 3.699141
P3: 1.146579 1.604774 4.197889
normal_vector: -0.648782 0.005626 -0.760954
P1: 1.117078 1.719164 4.223887
P2: 1.406113 2.259519 3.981454
P3: 1.146579 1.604774 4.197889
normal_vector: -0.648781 0.005626 -0.760954
P1: 1.736347 2.156796 3.699141
P2: 1.213360 1.404494 4.139472
P3: 1.176704 1.514441 4.171538
normal_vector: -0.648781 0.005626 -0.760954
P1: 1.059436 2.028712 4.275321
P2: 1.406113 2.259519 3.981454
P3: 1.096225 1.800000 4.242264
normal_vector: -0.648781 0.005626 -0.760954
P1: 1.298451 1.201780 4.065425
P2: 1.255950 1.303044 4.102410
P3: 1.736347 2.156796 3.699141
normal_vector: -0.648782 0.005630 -0.760954
P1: 1.036797 2.172352 4.295684
P2: 1.406113 2.259519 3.981454
P3: 1.037003 2.168142 4.295478
normal_vector: -0.648781 0.005626 -0.760955
P1: 1.026795 2.377509 4.305729
P2: 1.047651 2.371022 4.287900
P3: 1.036797 2.172352 4.295684
normal_vector: -0.648781 0.005626 -0.760954
P1: 1.047651 2.371022 4.287900
P2: 1.406113 2.259519 3.981454
P3: 1.036797 2.172352 4.295684
normal_vector: -0.648781 0.005626 -0.760954
P1: 2.112104 2.039913 3.377910
P2: 1.403518 1.000000 3.974354
P3: 1.849114 2.121719 3.602738
normal_vector: -0.648782 0.005626 -0.760954
P1: 1.642003 0.661930 3.768525
P2: 1.529838 0.803279 3.865201
P3: 2.112104 2.039913 3.377910
normal_vector: -0.648781 0.005625 -0.760954
P1: 2.062765 0.917754 3.411680
P2: 1.678093 0.616438 3.737419
P3: 1.642003 0.661930 3.768525
normal_vector: -0.648781 0.005626 -0.760954
P1: 1.642003 0.661930 3.768525
P2: 2.112104 2.039913 3.377910
P3: 2.062765 0.917754 3.411680
normal_vector: -0.648781 0.005626 -0.760954
P1: 3.787270 1.518836 1.945829
P2: 4.137008 0.458612 1.639807
P3: 4.066931 0.405670 1.699163
normal_vector: -0.648780 0.005625 -0.760955
P1: 2.062765 0.917754 3.411680
P2: 1.848165 0.444840 3.591149
P3: 1.829970 0.463203 3.606797
normal_vector: -0.648782 0.005613 -0.760953
P1: 2.939178 0.001960 2.657688
P2: 2.977596 0.001035 2.624927
P3: 2.964311 0.000000 2.636246
normal_vector: -0.648781 0.005626 -0.760954
P1: 2.268479 0.791604 3.235358
P2: 1.969624 0.348887 3.486885
P3: 2.062765 0.917754 3.411680
normal_vector: -0.648781 0.005626 -0.760954
P1: 2.062765 0.917754 3.411680
P2: 2.370504 1.959535 3.157007
P3: 2.497261 1.920106 3.048644
normal_vector: -0.648781 0.005626 -0.760954
P1: 2.719139 0.019455 2.845421
P2: 2.865335 0.601507 2.725079
P3: 2.939178 0.001960 2.657688
normal_vector: -0.648781 0.005626 -0.760954
P1: 4.515004 1.292467 1.323697
P2: 4.615874 1.000000 1.235534
P3: 4.562498 0.925276 1.280489
normal_vector: -0.648781 0.005626 -0.760954
P1: 2.865335 0.601507 2.725079
P2: 2.937689 1.783106 2.672127
P3: 3.330038 1.661062 2.336712
normal_vector: -0.648781 0.005621 -0.760955
P1: 3.370972 0.056429 2.289948
P2: 3.497336 0.092612 2.182480
P3: 3.457985 0.076923 2.215913
normal_vector: -0.648782 0.005626 -0.760953
P1: 4.438014 1.316415 1.389515
P2: 4.370573 0.684519 1.442343
P3: 4.310498 0.616438 1.493059
normal_vector: -0.648781 0.005626 -0.760954
P1: 4.706986 1.232749 1.159574
P2: 4.714370 1.169494 1.152811
P3: 4.634502 1.032055 1.219889
normal_vector: -0.648782 0.005625 -0.760954
P1: 4.733105 1.201780 1.137076
P2: 4.706986 1.232749 1.159574
P3: 4.742464 1.221713 1.129245
normal_vector: -0.648781 0.005626 -0.760954
P1: 4.733105 1.201780 1.137076
P2: 4.714370 1.169494 1.152811
P3: 4.706986 1.232749 1.159574
normal_vector: -0.648781 0.005626 -0.760954
P1: 4.706986 1.232749 1.159574
P2: 4.634502 1.032055 1.219889
P3: 4.515004 1.292467 1.323697
normal_vector: -0.648781 0.005626 -0.760954
P1: 4.634502 1.032055 1.219889
P2: 4.615874 1.000000 1.235534
P3: 4.515004 1.292467 1.323697
normal_vector: -0.648781 0.005626 -0.760954
P1: 4.515004 1.292467 1.323697
P2: 4.562498 0.925276 1.280489
P3: 4.438014 1.316415 1.389515
normal_vector: -0.648781 0.005626 -0.760954
P1: 4.562498 0.925276 1.280489
P2: 4.475236 0.803279 1.353987
P3: 4.438014 1.316415 1.389515
normal_vector: -0.648781 0.005626 -0.760954
P1: 4.475236 0.803279 1.353987
P2: 4.370573 0.684519 1.442343
P3: 4.438014 1.316415 1.389515
normal_vector: -0.648781 0.005626 -0.760954
P1: 4.438014 1.316415 1.389515
P2: 4.310498 0.616438 1.493059
P3: 3.787270 1.518836 1.945829
normal_vector: -0.648781 0.005626 -0.760954
P1: 4.310498 0.616438 1.493059
P2: 4.137008 0.458612 1.639807
P3: 3.787270 1.518836 1.945829
normal_vector: -0.648786 0.005637 -0.760950
P1: 4.137008 0.458612 1.639807
P2: 4.121852 0.444840 1.652628
P3: 4.066931 0.405670 1.699163
normal_vector: -0.648781 0.005626 -0.760954
P1: 3.787270 1.518836 1.945829
P2: 4.066931 0.405670 1.699163
P3: 3.918270 0.294117 1.825085
normal_vector: -0.648780 0.005626 -0.760955
P1: 3.787270 1.518836 1.945829
P2: 3.918270 0.294117 1.825085
P3: 3.870772 0.267236 1.865382
normal_vector: -0.648781 0.005626 -0.760954
P1: 3.787270 1.518836 1.945829
P2: 3.870772 0.267236 1.865382
P3: 3.698341 0.169811 2.011676
normal_vector: -0.648781 0.005626 -0.760954
P1: 3.787270 1.518836 1.945829
P2: 3.698341 0.169811 2.011676
P3: 3.536561 1.596821 2.160158
normal_vector: -0.648781 0.005626 -0.760954
P1: 3.698341 0.169811 2.011676
P2: 3.497336 0.092612 2.182480
P3: 3.536561 1.596821 2.160158
normal_vector: -0.648782 0.005626 -0.760954
P1: 3.536561 1.596821 2.160158
P2: 3.497336 0.092612 2.182480
P3: 3.370972 0.056429 2.289948
normal_vector: -0.648781 0.005626 -0.760954
P1: 3.536561 1.596821 2.160158
P2: 3.370972 0.056429 2.289948
P3: 3.330038 1.661062 2.336712
normal_vector: -0.648781 0.005626 -0.760954
P1: 3.370972 0.056429 2.289948
P2: 3.213906 0.019455 2.423588
P3: 3.330038 1.661062 2.336712
normal_vector: -0.648781 0.005626 -0.760954
P1: 3.213906 0.019455 2.423588
P2: 2.977596 0.001035 2.624927
P3: 3.330038 1.661062 2.336712
normal_vector: -0.648781 0.005626 -0.760954
P1: 3.330038 1.661062 2.336712
P2: 2.977596 0.001035 2.624927
P3: 2.865335 0.601507 2.725079
normal_vector: -0.648781 0.005626 -0.760954
P1: 2.865335 0.601507 2.725079
P2: 2.719139 0.019455 2.845421
P3: 2.634179 0.039901 2.918008
normal_vector: -0.648781 0.005626 -0.760954
P1: 2.865335 0.601507 2.725079
P2: 2.634179 0.039901 2.918008
P3: 2.911446 1.791270 2.694561
normal_vector: -0.648781 0.005626 -0.760955
P1: 2.531621 0.682062 3.010196
P2: 2.885455 1.799354 2.716781
P3: 2.911446 1.791270 2.694561
normal_vector: -0.648781 0.005626 -0.760954
P1: 2.911446 1.791270 2.694561
P2: 2.634179 0.039901 2.918008
P3: 2.531621 0.682062 3.010196
normal_vector: -0.648782 0.005626 -0.760954
P1: 2.531621 0.682062 3.010196
P2: 2.788138 1.829626 2.799976
P3: 2.885455 1.799354 2.716781
normal_vector: -0.648781 0.005626 -0.760954
P1: 2.531621 0.682062 3.010196
P2: 2.326457 0.139637 3.181106
P3: 2.252418 0.169811 3.244454
normal_vector: -0.648781 0.005626 -0.760954
P1: 2.268479 0.791604 3.235358
P2: 2.497261 1.920106 3.048644
P3: 2.788138 1.829626 2.799976
normal_vector: -0.648781 0.005626 -0.760954
P1: 2.055758 0.284895 3.412975
P2: 2.268479 0.791604 3.235358
P3: 2.252418 0.169811 3.244454
normal_vector: -0.648781 0.005626 -0.760954
P1: 2.039990 0.294117 3.426486
P2: 1.969624 0.348887 3.486885
P3: 2.268479 0.791604 3.235358
normal_vector: -0.648781 0.005626 -0.760954
P1: 2.268479 0.791604 3.235358
P2: 2.055758 0.284895 3.412975
P3: 2.039990 0.294117 3.426486
normal_vector: -0.648782 0.005626 -0.760954
P1: 2.326457 0.139637 3.181106
P2: 2.531621 0.682062 3.010196
P3: 2.480268 0.076923 3.049504
normal_vector: -0.648781 0.005626 -0.760954
P1: 2.268479 0.791604 3.235358
P2: 2.788138 1.829626 2.799976
P3: 2.531621 0.682062 3.010196
normal_vector: -0.648781 0.005626 -0.760954
P1: 1.848165 0.444840 3.591149
P2: 2.062765 0.917754 3.411680
P3: 1.969624 0.348887 3.486885
normal_vector: -0.648781 0.005626 -0.760954
P1: 2.112104 2.039913 3.377910
P2: 2.370504 1.959535 3.157007
P3: 2.062765 0.917754 3.411680
normal_vector: -0.648781 0.005626 -0.760954
P1: 2.911446 1.791270 2.694561
P2: 2.937689 1.783106 2.672127
P3: 2.865335 0.601507 2.725079
normal_vector: -0.648782 0.005626 -0.760953
P1: 2.977596 0.001035 2.624927
P2: 2.939178 0.001960 2.657688
P3: 2.865335 0.601507 2.725079
normal_vector: -0.648781 0.005626 -0.760954
P1: 2.062765 0.917754 3.411680
P2: 2.497261 1.920106 3.048644
P3: 2.268479 0.791604 3.235358
normal_vector: -0.648781 0.005626 -0.760954
P1: 2.531621 0.682062 3.010196
P2: 2.252418 0.169811 3.244454
P3: 2.268479 0.791604 3.235358
