2 -0.00715427 -0.281356 -0.0197451 -0.00781205 -0.261096 -0.019645
2 -0.0120289 -0.112152 -0.0196371 -0.0132965 -0.106169 -0.0197208
2 -0.0120289 -0.112152 -0.0196371 -0.0113841 -0.119885 -0.0195778
2 -0.00947084 -0.161506 -0.0194312 -0.00870264 -0.196486 -0.0194119
2 -0.00715427 -0.281356 -0.0197451 -0.00694812 -0.290694 -0.0197938
2 -0.0173111 -0.0590533 -0.0199338 -0.0180099 -0.0690831 -0.0200058
2 -0.0161134 -0.0915378 -0.0199037 -0.0164804 -0.082459 -0.0199377
2 -0.00947084 -0.161506 -0.0194312 -0.0100501 -0.140086 -0.0194582
2 0.0210865 -0.332414 -0.0189194 0.0115605 -0.326158 -0.0192601
2 -0.0349859 -0.335838 -0.0207271 -0.0270408 -0.330107 -0.0205154
2 0.00442906 -0.321542 -0.0195128 0.0115605 -0.326158 -0.0192601
2 -0.0173581 0.492358 -0.00999263 -0.0192541 0.517388 -0.0097791
2 -0.01595 -0.012102 -0.0196187 -0.0142319 -0.0206247 -0.0195971
2 -0.0349859 -0.335838 -0.0207271 -0.0404527 -0.339829 -0.0208688
2 -0.0463084 -0.344621 -0.0210087 -0.0404527 -0.339829 -0.0208688
2 0.0498706 -0.349654 -0.0177051 0.0588325 -0.355195 -0.0172815
2 -0.0215504 0.00855247 -0.0196931 -0.00943654 -0.00206272 -0.0192325
2 -0.01595 -0.012102 -0.0196187 -0.00943654 -0.00206272 -0.0192325
2 -0.0300314 0.553031 -0.00961493 -0.0421585 0.567248 -0.0103443
2 -0.0264066 0.0177185 -0.0198429 -0.0215504 0.00855247 -0.0196931
2 -0.0225436 0.0435186 -0.0194555 -0.0264066 0.0177185 -0.0198429
2 -0.0264066 0.0177185 -0.0198429 -0.0351925 0.0156357 -0.0202424
2 0.0195156 0.00379929 -0.0178078 0.00587626 1.98283e-05 -0.0184946
2 0.092811 -0.375125 -0.0155611 0.082934 -0.370039 -0.0161054
2 0.0195156 0.00379929 -0.0178078 0.0254285 0.00552752 -0.0175089
2 -0.526559 -0.488564 0.12825 -0.501519 -0.489388 0.112443
2 0.566661 0.201249 0.0841517 0.554903 0.208215 0.0744963
2 0.0304988 0.00621562 -0.0172572 0.0454128 0.0102719 -0.0164053
2 -0.131239 -0.389935 -0.0152938 -0.143559 -0.395646 -0.0135481
2 0.520289 0.21833 0.0535072 0.535758 0.220125 0.0580599
2 0.513867 0.2173 0.0518376 0.520289 0.21833 0.0535072
2 0.0723924 0.0192943 -0.0146658 0.0640139 0.0151737 -0.0153195
2 0.0454128 0.0102719 -0.0164053 0.0640139 0.0151737 -0.0153195
2 -0.0428988 0.0184474 -0.020549 -0.0351925 0.0156357 -0.0202424
2 -0.0428988 0.0184474 -0.020549 -0.0512749 0.0218023 -0.0208755
2 -0.216068 -0.430772 0.0020859 -0.230284 -0.436829 0.00599199
2 -0.216068 -0.430772 0.0020859 -0.206615 -0.427117 -0.000351356
2 -0.540141 -0.488323 0.143752 -0.533205 -0.488448 0.135618
2 0.566661 0.201249 0.0841517 0.573817 0.196794 0.0901929
2 0.0723924 0.0192943 -0.0146658 0.0875636 0.0269548 -0.0134458
2 -0.249391 -0.445331 0.0112984 -0.242037 -0.442064 0.00925586
2 -0.278246 -0.458218 0.019351 -0.291754 -0.464384 0.0232028
2 0.395187 -0.498198 0.00542874 0.378459 -0.495504 0.00356138
2 0.184033 -0.421943 -0.0105677 0.165948 -0.412951 -0.0115641
2 -0.0125551 0.153652 -0.0174168 -0.0119326 0.166007 -0.0171667
2 0.378231 0.165434 0.0255035 0.361202 0.155916 0.0227312
2 0.361202 0.155916 0.0227312 0.342018 0.144756 0.0196463
2 -0.0620469 0.0265427 -0.0212884 -0.0792055 0.0302038 -0.0219146
2 0.0638519 0.586507 -0.0142934 0.0770782 0.591776 -0.0156603
2 0.544975 0.214331 0.0660837 0.551681 0.210057 0.0718917
2 0.441122 0.198558 0.0358271 0.430738 0.193482 0.0341315
2 0.50609 -0.506452 0.0223437 0.496411 -0.506213 0.0204491
2 -0.0691516 0.592046 -0.0128074 -0.0782425 0.600631 -0.0139686
2 0.08832 0.596248 -0.0168321 0.101715 0.601622 -0.0182299
2 -0.0152293 0.418992 -0.01137 -0.0154597 0.431652 -0.0110681
2 -0.485357 0.20248 -0.0284751 -0.475117 0.197207 -0.027891
2 -0.147302 0.0457343 -0.0235164 -0.135288 0.0421763 -0.0233381
2 -0.486295 -0.489736 0.103117 -0.501519 -0.489388 0.112443
2 0.50609 -0.506452 0.0223437 0.515143 -0.506601 0.0242396
2 -0.416274 -0.487567 0.069713 -0.430856 -0.488967 0.0756668
2 0.1172 0.607715 -0.0198905 0.106421 0.603447 -0.0187332
2 -0.453687 0.186119 -0.026663 -0.444163 0.181222 -0.0261435
2 -0.438278 0.178704 -0.0262304 -0.428114 0.172449 -0.025397
2 -0.108732 0.0366288 -0.0227202 -0.126221 0.040464 -0.0231651
2 -0.135288 0.0421763 -0.0233381 -0.126221 0.040464 -0.0231651
2 -0.330437 0.117881 -0.0242098 -0.316262 0.110642 -0.0242957
2 -0.257639 0.0818033 -0.0245007 -0.251007 0.0793248 -0.0244814
2 0.48181 -0.505714 0.0177773 0.496411 -0.506213 0.0204491
2 0.544975 0.214331 0.0660837 0.535758 0.220125 0.0580599
2 -0.36216 0.135732 -0.0243196 -0.348217 0.127756 -0.0242593
2 -0.367235 0.138543 -0.0243537 -0.36216 0.135732 -0.0243196
2 0.174146 0.630186 -0.0260626 0.167498 0.627563 -0.0253376
2 0.137128 0.615593 -0.0220372 0.154228 0.622332 -0.0238934
2 0.461511 0.206107 0.0395266 0.468063 0.208121 0.0408111
2 -0.485357 0.20248 -0.0284751 -0.493169 0.20649 -0.0289185
2 -0.439381 -0.489519 0.0792646 -0.449199 -0.489737 0.0836116
2 -0.280962 0.79086 -0.040112 -0.276926 0.786738 -0.0397372
2 -0.181744 0.694392 -0.0286689 -0.187526 0.69968 -0.0294835
2 0.174146 0.630186 -0.0260626 0.187597 0.635497 -0.027531
2 -0.270865 0.780592 -0.0391509 -0.276926 0.786738 -0.0397372
2 -0.307085 0.817991 -0.0425761 -0.28552 0.795495 -0.0405372
2 -0.187526 0.69968 -0.0294835 -0.193961 0.705586 -0.0303733
2 0.204686 0.642402 -0.0293398 0.219891 0.649025 -0.0307893
2 0.261511 0.667257 -0.0346411 0.243563 0.659383 -0.0329757
2 -0.207767 0.718574 -0.0321287 -0.216799 0.727161 -0.0332338
2 -0.216799 0.727161 -0.0332338 -0.223313 0.733392 -0.0340209
2 -0.385952 0.149443 -0.0247176 -0.377625 0.144628 -0.0245554
2 -0.243878 0.753427 -0.0363222 -0.230615 0.740352 -0.0348535
2 0.472073 -0.505258 0.0161211 0.48181 -0.505714 0.0177773
2 0.441122 0.198558 0.0358271 0.449845 0.20185 0.0374264
2 0.483989 0.212325 0.0442042 0.501777 0.215382 0.0486707
2 0.483989 0.212325 0.0442042 0.477527 0.210778 0.0427736
2 0.378459 -0.495504 0.00356138 0.363876 -0.492458 0.00210205
2 0.1399 0.0437834 -0.00836602 0.125013 0.0398251 -0.00991027
2 -0.499849 0.20993 -0.0293138 -0.493169 0.20649 -0.0289185
2 -0.291754 -0.464384 0.0232028 -0.30943 -0.468225 0.0293285
2 0.402107 -0.499125 0.006268 0.410744 -0.500233 0.00732676
2 0.336206 0.701156 -0.0409886 0.326225 0.696845 -0.0401962
2 0.309374 0.688963 -0.0388004 0.316823 0.69219 -0.0394126
2 0.261511 0.667257 -0.0346411 0.285261 0.677976 -0.0367373
2 0.204686 0.642402 -0.0293398 0.203744 0.64209 -0.0292538
2 0.326225 0.696845 -0.0401962 0.316823 0.69219 -0.0394126
2 -0.428114 0.172449 -0.025397 -0.416046 0.166156 -0.0253747
2 -0.416046 0.166156 -0.0253747 -0.40452 0.159813 -0.025102
2 -0.444163 0.181222 -0.0261435 -0.438278 0.178704 -0.0262304
2 0.424088 -0.501777 0.00902248 0.410744 -0.500233 0.00732676
2 -0.249391 -0.445331 0.0112984 -0.256574 -0.448522 0.0132931
2 -0.30943 -0.468225 0.0293285 -0.318449 -0.470698 0.0324762
2 -0.0143602 0.388204 -0.0121146 -0.0134879 0.374253 -0.012442
2 -0.206615 -0.427117 -0.000351356 -0.19298 -0.422069 -0.003831
2 -0.097521 0.617526 -0.0167611 -0.103881 0.62317 -0.0176914
2 -0.0152293 0.418992 -0.01137 -0.0150083 0.407847 -0.0116419
2 -0.269458 0.0871989 -0.0244872 -0.257639 0.0818033 -0.0245007
2 0.319677 -0.481902 -0.00197174 0.309952 -0.47857 -0.00272553
2 0.00302933 0.556319 -0.00963393 0.00752952 0.559493 -0.00985235
2 0.219954 -0.438889 -0.00844121 0.205809 -0.43232 -0.00929258
2 0.184033 -0.421943 -0.0105677 0.205809 -0.43232 -0.00929258
2 0.0193252 0.566105 -0.0105165 0.00752952 0.559493 -0.00985235
2 -0.0138223 0.290876 -0.0144905 -0.0136943 0.28531 -0.0146157
2 -0.120881 -0.384503 -0.0166355 -0.131239 -0.389935 -0.0152938
2 0.0351658 0.574399 -0.0115632 0.0474332 0.580329 -0.0127436
2 0.0638519 0.586507 -0.0142934 0.0474332 0.580329 -0.0127436
2 -0.0944989 0.0332248 -0.0223589 -0.0792055 0.0302038 -0.0219146
2 0.120893 -0.390809 -0.0140031 0.107689 -0.383204 -0.0147395
2 -0.0620469 0.0265427 -0.0212884 -0.0512749 0.0218023 -0.0208755
2 -0.110335 -0.379203 -0.0179623 -0.120881 -0.384503 -0.0166355
2 0.132913 -0.396683 -0.0133537 0.14208 -0.401308 -0.012859
2 0.0304988 0.00621562 -0.0172572 0.0254285 0.00552752 -0.0175089
2 -0.110335 -0.379203 -0.0179623 -0.101544 -0.375045 -0.0190263
2 -0.0421585 0.567248 -0.0103443 -0.0487628 0.573101 -0.0107765
2 -0.015989 0.463777 -0.0103459 -0.0157933 0.45312 -0.0105768
2 0.0588325 -0.355195 -0.0172815 0.0759859 -0.366184 -0.0164624
2 0.00302933 0.556319 -0.00963393 -0.00466904 0.550915 -0.00940699
2 -0.0202778 0.53297 -0.00964451 -0.0192541 0.517388 -0.0097791
2 -0.00466904 0.550915 -0.00940699 -0.0125095 0.5392 -0.00954863
2 -0.0202778 0.53297 -0.00964451 -0.0300314 0.553031 -0.00961493
2 -0.0202778 0.53297 -0.00964451 -0.0125095 0.5392 -0.00954863
2 0.0498706 -0.349654 -0.0177051 0.0421965 -0.345058 -0.018064
2 -0.0142319 -0.0206247 -0.0195971 -0.0156055 -0.0303585 -0.0197167
2 -0.0159885 -0.0398817 -0.0197849 -0.0156055 -0.0303585 -0.0197167
2 0.0421965 -0.345058 -0.018064 0.0325933 -0.339736 -0.0184794
2 -0.0669099 -0.356346 -0.0206819 -0.0708529 -0.358597 -0.0205756
2 -0.0743078 -0.360631 -0.0204786 -0.0708529 -0.358597 -0.0205756
2 -0.0159885 -0.0398817 -0.0197849 -0.0163021 -0.0491743 -0.0198457
2 -0.0463084 -0.344621 -0.0210087 -0.0531811 -0.349082 -0.0209731
2 -0.0531811 -0.349082 -0.0209731 -0.0611522 -0.353079 -0.0208149
2 -0.0132965 -0.106169 -0.0197208 -0.0141995 -0.100022 -0.0197872
2 -0.0161134 -0.0915378 -0.0199037 -0.0141995 -0.100022 -0.0197872
2 -0.0197267 -0.324324 -0.0203085 -0.0106709 -0.31526 -0.020007
2 -0.00179134 -0.318067 -0.0197281 0.00442906 -0.321542 -0.0195128
2 -0.0197267 -0.324324 -0.0203085 -0.0270408 -0.330107 -0.0205154
2 -0.00179134 -0.318067 -0.0197281 -0.0106709 -0.31526 -0.020007
2 -0.0113841 -0.119885 -0.0195778 -0.0103527 -0.131645 -0.0194933
2 -0.0103527 -0.131645 -0.0194933 -0.0100501 -0.140086 -0.0194582
2 -0.00864267 -0.199117 -0.0194121 -0.00837646 -0.210392 -0.0194194
2 -0.00707887 -0.252655 -0.0195479 -0.00765725 -0.239558 -0.0194904
2 -0.00673192 -0.295961 -0.0198134 -0.00694812 -0.290694 -0.0197938
2 -0.00673192 -0.295961 -0.0198134 -0.00702231 -0.301077 -0.0198441
2 -0.540141 -0.488323 0.143752 -0.5413 -0.488327 0.145306
2 -0.449199 -0.489737 0.0836116 -0.478576 -0.489779 0.0966665
2 -0.348217 0.127756 -0.0242593 -0.342665 0.124603 -0.0242271
2 0.414059 0.185347 0.0313379 0.430738 0.193482 0.0341315
2 0.304664 0.12245 0.0137289 0.284492 0.110737 0.0106225
2 0.101715 0.601622 -0.0182299 0.106421 0.603447 -0.0187332
2 -0.243878 0.753427 -0.0363222 -0.262325 0.77177 -0.0382974
2 -0.0691516 0.592046 -0.0128074 -0.0591289 0.582087 -0.0114462
2 0.250006 0.0916475 0.00563062 0.284492 0.110737 0.0106225
2 0.455122 -0.504184 0.0135314 0.436181 -0.502937 0.0106703
2 -0.323668 -0.472157 0.0343003 -0.318449 -0.470698 0.0324762
2 -0.147302 0.0457343 -0.0235164 -0.159199 0.0492844 -0.0236835
2 -0.303018 0.103941 -0.0243466 -0.316262 0.110642 -0.0242957
2 -0.212586 0.0655451 -0.0243185 -0.197543 0.0604589 -0.0241878
2 -0.121211 0.639041 -0.0201341 -0.103881 0.62317 -0.0176914
2 -0.156195 0.67106 -0.0250618 -0.16489 0.679 -0.0262895
2 -0.121211 0.639041 -0.0201341 -0.136744 0.653308 -0.0223136
2 0.187597 0.635497 -0.027531 0.204686 0.642402 -0.0293398
2 -0.377625 0.144628 -0.0245554 -0.367235 0.138543 -0.0243537
2 -0.269458 0.0871989 -0.0244872 -0.279531 0.0921353 -0.0244564
2 0.1399 0.0437834 -0.00836602 0.153273 0.0476811 -0.00694323
2 -0.156195 0.67106 -0.0250618 -0.145934 0.661696 -0.0236117
2 -0.0122435 0.215451 -0.0161679 -0.0122793 0.222054 -0.0160213
2 -0.159199 0.0492844 -0.0236835 -0.168839 0.0520538 -0.0238212
2 0.402107 -0.499125 0.006268 0.395187 -0.498198 0.00542874
2 -0.136744 0.653308 -0.0223136 -0.145934 0.661696 -0.0236117
2 -0.533205 -0.488448 0.135618 -0.526559 -0.488564 0.12825
2 -0.341003 -0.476799 0.0403932 -0.330963 -0.474197 0.0368492
2 0.399105 0.177102 0.0289018 0.414059 0.185347 0.0313379
2 0.169493 0.0522325 -0.00520977 0.181022 0.0570135 -0.00374473
2 -0.330437 0.117881 -0.0242098 -0.342665 0.124603 -0.0242271
2 -0.172687 0.686121 -0.0273904 -0.178066 0.691034 -0.0281495
2 -0.0123434 0.227545 -0.0158985 -0.0122793 0.222054 -0.0160213
2 0.296083 0.682805 -0.0376678 0.309374 0.688963 -0.0388004
2 0.296083 0.682805 -0.0376678 0.285261 0.677976 -0.0367373
2 0.243563 0.659383 -0.0329757 0.233726 0.655068 -0.0320662
2 0.218139 0.0743007 0.00113455 0.208782 0.0701022 -0.00012211
2 0.208782 0.0701022 -0.00012211 0.181022 0.0570135 -0.00374473
2 -0.303018 0.103941 -0.0243466 -0.292238 0.0986183 -0.0243957
2 -0.396568 0.155532 -0.0249681 -0.40452 0.159813 -0.025102
2 0.228099 0.652606 -0.031547 0.233726 0.655068 -0.0320662
2 -0.223313 0.733392 -0.0340209 -0.230615 0.740352 -0.0348535
2 0.304664 0.12245 0.0137289 0.321988 0.13303 0.0164319
2 0.137128 0.615593 -0.0220372 0.129587 0.612622 -0.0212205
2 -0.181744 0.694392 -0.0286689 -0.178066 0.691034 -0.0281495
2 -0.207767 0.718574 -0.0321287 -0.193961 0.705586 -0.0303733
2 -0.172687 0.686121 -0.0273904 -0.16489 0.679 -0.0262895
2 0.342018 0.144756 0.0196463 0.321988 0.13303 0.0164319
2 0.228099 0.652606 -0.031547 0.219891 0.649025 -0.0307893
2 -0.0154597 0.431652 -0.0110681 -0.0157517 0.448631 -0.0106771
2 0.513867 0.2173 0.0518376 0.506579 0.216145 0.0499285
2 -0.0121354 0.204906 -0.0163967 -0.0122112 0.209798 -0.0162926
2 0.554903 0.208215 0.0744963 0.551681 0.210057 0.0718917
2 -0.0122435 0.215451 -0.0161679 -0.0122112 0.209798 -0.0162926
2 0.218139 0.0743007 0.00113455 0.227868 0.0792939 0.00247601
2 0.161093 0.625037 -0.0246398 0.154228 0.622332 -0.0238934
2 -0.270865 0.780592 -0.0391509 -0.262325 0.77177 -0.0382974
2 -0.28552 0.795495 -0.0405372 -0.280962 0.79086 -0.040112
2 -0.469178 0.194147 -0.0275585 -0.453687 0.186119 -0.026663
2 -0.341003 -0.476799 0.0403932 -0.371385 -0.482359 0.0517426
2 -0.385952 0.149443 -0.0247176 -0.396568 0.155532 -0.0249681
2 -0.0884865 0.609498 -0.0154505 -0.0782425 0.600631 -0.0139686
2 0.399105 0.177102 0.0289018 0.378231 0.165434 0.0255035
2 0.363876 -0.492458 0.00210205 0.336887 -0.486178 -0.000426244
2 -0.212586 0.0655451 -0.0243185 -0.232764 0.0728408 -0.0244061
2 0.1172 0.607715 -0.0198905 0.129587 0.612622 -0.0212205
2 -0.0133619 0.271964 -0.014912 -0.0136943 0.28531 -0.0146157
2 0.477527 0.210778 0.0427736 0.468063 0.208121 0.0408111
2 -0.242771 0.0764403 -0.0244458 -0.251007 0.0793248 -0.0244814
2 -0.439381 -0.489519 0.0792646 -0.430856 -0.488967 0.0756668
2 -0.292238 0.0986183 -0.0243957 -0.279531 0.0921353 -0.0244564
2 0.506579 0.216145 0.0499285 0.501777 0.215382 0.0486707
2 0.227868 0.0792939 0.00247601 0.250006 0.0916475 0.00563062
2 -0.486295 -0.489736 0.103117 -0.478576 -0.489779 0.0966665
2 -0.469178 0.194147 -0.0275585 -0.475117 0.197207 -0.027891
2 -0.371385 -0.482359 0.0517426 -0.389506 -0.48497 0.0587975
2 0.0351658 0.574399 -0.0115632 0.0193252 0.566105 -0.0105165
2 -0.268902 -0.453941 0.0167231 -0.278246 -0.458218 0.019351
2 -0.242771 0.0764403 -0.0244458 -0.232764 0.0728408 -0.0244061
2 0.169493 0.0522325 -0.00520977 0.153273 0.0476811 -0.00694323
2 -0.0544607 0.578059 -0.011153 -0.0487628 0.573101 -0.0107765
2 0.336887 -0.486178 -0.000426244 0.319677 -0.481902 -0.00197174
2 -0.0143602 0.388204 -0.0121146 -0.0147218 0.398567 -0.0118659
2 -0.0134879 0.374253 -0.012442 -0.0133001 0.349944 -0.0130421
2 -0.0157517 0.448631 -0.0106771 -0.0157933 0.45312 -0.0105768
2 -0.015989 0.463777 -0.0103459 -0.0160675 0.470714 -0.0102114
2 -0.097521 0.617526 -0.0167611 -0.0884865 0.609498 -0.0154505
2 -0.323668 -0.472157 0.0343003 -0.330963 -0.474197 0.0368492
2 0.161093 0.625037 -0.0246398 0.167498 0.627563 -0.0253376
2 0.461511 0.206107 0.0395266 0.449845 0.20185 0.0374264
2 -0.403354 -0.486293 0.0644518 -0.416274 -0.487567 0.069713
2 -0.0147218 0.398567 -0.0118659 -0.0150083 0.407847 -0.0116419
2 -0.0135123 0.330703 -0.0135161 -0.0137333 0.299627 -0.0142791
2 0.0770782 0.591776 -0.0156603 0.08832 0.596248 -0.0168321
2 -0.403354 -0.486293 0.0644518 -0.389506 -0.48497 0.0587975
2 0.291287 -0.470473 -0.0039288 0.309952 -0.47857 -0.00272553
2 -0.0138223 0.290876 -0.0144905 -0.0137333 0.299627 -0.0142791
2 -0.0129521 0.255434 -0.015279 -0.0125985 0.240952 -0.0156007
2 -0.0161061 0.476613 -0.0101244 -0.0160675 0.470714 -0.0102114
2 -0.0125985 0.240952 -0.0156007 -0.0124235 0.232359 -0.0157911
2 0.132913 -0.396683 -0.0133537 0.120893 -0.390809 -0.0140031
2 0.248163 -0.451588 -0.00668478 0.235 -0.445728 -0.00751389
2 0.268911 -0.460713 -0.0053637 0.248163 -0.451588 -0.00668478
2 0.28076 -0.465895 -0.00460571 0.268911 -0.460713 -0.0053637
2 -0.0161061 0.476613 -0.0101244 -0.0173581 0.492358 -0.00999263
2 -0.178753 -0.414321 -0.00678886 -0.169887 -0.40965 -0.00851754
2 0.28076 -0.465895 -0.00460571 0.291287 -0.470473 -0.0039288
2 -0.143559 -0.395646 -0.0135481 -0.169887 -0.40965 -0.00851754
2 -0.011368 0.177353 -0.0169306 -0.0119326 0.166007 -0.0171667
2 0.228006 -0.442575 -0.00794858 0.235 -0.445728 -0.00751389
2 -0.0133001 0.349944 -0.0130421 -0.0135123 0.330703 -0.0135161
2 -0.268902 -0.453941 0.0167231 -0.262133 -0.450991 0.0148369
2 -0.0133619 0.271964 -0.014912 -0.0129521 0.255434 -0.015279
2 0.219954 -0.438889 -0.00844121 0.228006 -0.442575 -0.00794858
2 -0.0591289 0.582087 -0.0114462 -0.0544607 0.578059 -0.011153
2 -0.236795 -0.439735 0.0078 -0.242037 -0.442064 0.00925586
2 -0.178753 -0.414321 -0.00678886 -0.19298 -0.422069 -0.003831
2 0.165948 -0.412951 -0.0115641 0.150155 -0.405157 -0.0124202
2 0.14208 -0.401308 -0.012859 0.150155 -0.405157 -0.0124202
2 0.424088 -0.501777 0.00902248 0.436181 -0.502937 0.0106703
2 -0.230284 -0.436829 0.00599199 -0.236795 -0.439735 0.0078
2 -0.0121354 0.204906 -0.0163967 -0.0120304 0.195799 -0.0165904
2 0.101386 0.0318985 -0.0121743 0.125013 0.0398251 -0.00991027
2 0.0875636 0.0269548 -0.0134458 0.101386 0.0318985 -0.0121743
2 -0.0123434 0.227545 -0.0158985 -0.0124235 0.232359 -0.0157911
2 -0.262133 -0.450991 0.0148369 -0.256574 -0.448522 0.0132931
2 -0.197543 0.0604589 -0.0241878 -0.17869 0.0548462 -0.0239611
2 -0.168839 0.0520538 -0.0238212 -0.17869 0.0548462 -0.0239611
2 0.455122 -0.504184 0.0135314 0.472073 -0.505258 0.0161211
2 -0.00870264 -0.196486 -0.0194119 -0.00864267 -0.199117 -0.0194121
2 -0.0138873 0.128483 -0.0178915 -0.0146172 0.116918 -0.0180916
2 -0.0120304 0.195799 -0.0165904 -0.0115845 0.187659 -0.0167341
2 0.107689 -0.383204 -0.0147395 0.106558 -0.382578 -0.0148022
2 -0.0743078 -0.360631 -0.0204786 -0.081337 -0.364519 -0.0202876
2 -0.0938811 -0.371207 -0.0198244 -0.101544 -0.375045 -0.0190263
2 0.0991065 -0.378489 -0.015215 0.092811 -0.375125 -0.0155611
2 -0.011368 0.177353 -0.0169306 -0.0115845 0.187659 -0.0167341
2 -0.081337 -0.364519 -0.0202876 -0.0938811 -0.371207 -0.0198244
2 -0.0146172 0.116918 -0.0180916 -0.0149198 0.112514 -0.0181681
2 -0.0186952 0.0622802 -0.0190367 -0.0165932 0.0871018 -0.0186007
2 -0.0944989 0.0332248 -0.0223589 -0.108732 0.0366288 -0.0227202
2 0.082934 -0.370039 -0.0161054 0.0759859 -0.366184 -0.0164624
2 0.0991065 -0.378489 -0.015215 0.106558 -0.382578 -0.0148022
2 -0.0669099 -0.356346 -0.0206819 -0.0611522 -0.353079 -0.0208149
2 -0.00765725 -0.239558 -0.0194904 -0.00804122 -0.2259 -0.0194479
2 -0.00707887 -0.252655 -0.0195479 -0.00781205 -0.261096 -0.019645
2 -0.0138873 0.128483 -0.0178915 -0.0125551 0.153652 -0.0174168
2 -0.0165932 0.0871018 -0.0186007 -0.0149198 0.112514 -0.0181681
2 -0.00837646 -0.210392 -0.0194194 -0.00804122 -0.2259 -0.0194479
2 -0.0225436 0.0435186 -0.0194555 -0.0186952 0.0622802 -0.0190367
2 -0.0180099 -0.0690831 -0.0200058 -0.0164804 -0.082459 -0.0199377
2 0.0210865 -0.332414 -0.0189194 0.0325933 -0.339736 -0.0184794
2 -0.0173111 -0.0590533 -0.0199338 -0.0163021 -0.0491743 -0.0198457
2 -0.0106709 -0.31526 -0.020007 -0.00702231 -0.301077 -0.0198441
2 -0.00943654 -0.00206272 -0.0192325 0.00587626 1.98283e-05 -0.0184946
